name,winner,gender,birthYear,year_film,category,ceremonyAge,num_times_nominated,degree,year
Abigail Breslin,False,F,1996,2006,ACTRESS IN A SUPPORTING ROLE,10,1,17,2006
Adam Driver,False,M,1983,2018,ACTOR IN A SUPPORTING ROLE,35,2,34,2018
Adam Driver,False,M,1983,2019,ACTOR IN A LEADING ROLE,36,2,43,2019
Adolph Caesar,False,M,1933,1984,ACTOR IN A SUPPORTING ROLE,51,1,2,1984
Adolphe Menjou,False,M,1890,1930,ACTOR,40,1,22,1930
Adriana Barraza,False,F,1956,2006,ACTRESS IN A SUPPORTING ROLE,50,1,4,2006
Adrien Brody,True,M,1973,2002,ACTOR IN A LEADING ROLE,29,1,34,2002
Agnes Moorehead,False,F,1900,1942,ACTRESS IN A SUPPORTING ROLE,42,4,3,1942
Agnes Moorehead,False,F,1900,1944,ACTRESS IN A SUPPORTING ROLE,44,4,24,1944
Agnes Moorehead,False,F,1900,1948,ACTRESS IN A SUPPORTING ROLE,48,4,40,1948
Agnes Moorehead,False,F,1900,1964,ACTRESS IN A SUPPORTING ROLE,64,4,105,1964
Akim Tamiroff,False,M,1899,1936,ACTOR IN A SUPPORTING ROLE,37,2,51,1936
Akim Tamiroff,False,M,1899,1943,ACTOR IN A SUPPORTING ROLE,44,2,81,1943
Al Pacino,False,M,1940,1972,ACTOR IN A SUPPORTING ROLE,32,9,12,1972
Al Pacino,False,M,1940,1973,ACTOR,33,9,17,1973
Al Pacino,False,M,1940,1974,ACTOR,34,9,20,1974
Al Pacino,False,M,1940,1975,ACTOR,35,9,23,1975
Al Pacino,False,M,1940,1979,ACTOR IN A LEADING ROLE,39,9,27,1979
Al Pacino,False,M,1940,1990,ACTOR IN A SUPPORTING ROLE,50,9,44,1990
Al Pacino,False,M,1940,1992,ACTOR IN A SUPPORTING ROLE,52,9,54,1992
Al Pacino,False,M,1940,2019,ACTOR IN A SUPPORTING ROLE,79,9,125,2019
Al Pacino,True,M,1940,1992,ACTOR IN A LEADING ROLE,52,9,54,1992
Alan Alda,False,M,1936,2004,ACTOR IN A SUPPORTING ROLE,68,1,66,2004
Alan Arkin,False,M,1934,1966,ACTOR,32,4,4,1966
Alan Arkin,False,M,1934,1968,ACTOR,34,4,12,1968
Alan Arkin,False,M,1934,2012,ACTOR IN A SUPPORTING ROLE,78,4,116,2012
Alan Arkin,True,M,1934,2006,ACTOR IN A SUPPORTING ROLE,72,4,101,2006
Alan Bates,False,M,1934,1968,ACTOR,34,1,21,1968
Albert Brooks,False,M,1947,1987,ACTOR IN A SUPPORTING ROLE,40,1,21,1987
Albert Finney,False,M,1936,1963,ACTOR,27,5,9,1963
Albert Finney,False,M,1936,1974,ACTOR,38,5,26,1974
Albert Finney,False,M,1936,1983,ACTOR IN A LEADING ROLE,47,5,41,1983
Albert Finney,False,M,1936,1984,ACTOR IN A LEADING ROLE,48,5,42,1984
Albert Finney,False,M,1936,2000,ACTOR IN A SUPPORTING ROLE,64,5,64,2000
Alec Baldwin,False,M,1958,2003,ACTOR IN A SUPPORTING ROLE,45,1,72,2003
Alec Guinness,False,M,1914,1952,ACTOR,38,4,10,1952
Alec Guinness,False,M,1914,1977,ACTOR IN A SUPPORTING ROLE,63,4,61,1977
Alec Guinness,False,M,1914,1988,ACTOR IN A SUPPORTING ROLE,74,4,70,1988
Alec Guinness,True,M,1914,1957,ACTOR,43,4,20,1957
Alexander Knox,False,M,1907,1944,ACTOR,37,1,17,1944
Alfre Woodard,False,F,1952,1983,ACTRESS IN A SUPPORTING ROLE,31,1,4,1983
Alfred Lunt,False,M,1892,1931,ACTOR,39,1,3,1931
Ali MacGraw,False,F,1939,1970,ACTRESS,31,1,0,1970
Alice Brady,False,F,1892,1936,ACTRESS IN A SUPPORTING ROLE,44,2,36,1936
Alice Brady,True,F,1892,1937,ACTRESS IN A SUPPORTING ROLE,45,2,40,1937
Alicia Vikander,True,F,1988,2015,ACTRESS IN A SUPPORTING ROLE,27,1,18,2015
Aline MacMahon,False,F,1899,1944,ACTRESS IN A SUPPORTING ROLE,45,1,51,1944
Allison Janney,True,F,1959,2017,ACTRESS IN A SUPPORTING ROLE,58,1,98,2017
Amy Adams,False,F,1974,2005,ACTRESS IN A SUPPORTING ROLE,31,6,9,2005
Amy Adams,False,F,1974,2008,ACTRESS IN A SUPPORTING ROLE,34,6,24,2008
Amy Adams,False,F,1974,2010,ACTRESS IN A SUPPORTING ROLE,36,6,38,2010
Amy Adams,False,F,1974,2012,ACTRESS IN A SUPPORTING ROLE,38,6,49,2012
Amy Adams,False,F,1974,2013,ACTRESS IN A LEADING ROLE,39,6,61,2013
Amy Adams,False,F,1974,2018,ACTRESS IN A SUPPORTING ROLE,44,6,74,2018
Amy Irving,False,F,1953,1983,ACTRESS IN A SUPPORTING ROLE,30,1,16,1983
Amy Madigan,False,F,1950,1985,ACTRESS IN A SUPPORTING ROLE,35,1,12,1985
Amy Ryan,False,F,1968,2007,ACTRESS IN A SUPPORTING ROLE,39,1,24,2007
Andrea Leeds,False,F,1914,1937,ACTRESS IN A SUPPORTING ROLE,23,1,6,1937
Andrew Garfield,False,M,1983,2016,ACTOR IN A LEADING ROLE,33,1,32,2016
Andy Garcia,False,M,1956,1990,ACTOR IN A SUPPORTING ROLE,34,1,7,1990
Angela Bassett,False,F,1958,1993,ACTRESS IN A LEADING ROLE,35,1,17,1993
Angela Lansbury,False,F,1925,1944,ACTRESS IN A SUPPORTING ROLE,19,3,9,1944
Angela Lansbury,False,F,1925,1945,ACTRESS IN A SUPPORTING ROLE,20,3,11,1945
Angela Lansbury,False,F,1925,1962,ACTRESS IN A SUPPORTING ROLE,37,3,59,1962
Angelina Jolie,False,F,1975,2008,ACTRESS IN A LEADING ROLE,33,2,49,2008
Angelina Jolie,True,F,1975,1999,ACTRESS IN A SUPPORTING ROLE,24,2,17,1999
Anjelica Huston,False,F,1951,1989,ACTRESS IN A SUPPORTING ROLE,38,3,28,1989
Anjelica Huston,False,F,1951,1990,ACTRESS IN A LEADING ROLE,39,3,32,1990
Anjelica Huston,True,F,1951,1985,ACTRESS IN A SUPPORTING ROLE,34,3,17,1985
Ann Blyth,False,F,1927,1945,ACTRESS IN A SUPPORTING ROLE,18,1,5,1945
Ann Harding,False,F,1902,1930,ACTRESS,28,1,4,1930
Ann Sothern,False,F,1909,1987,ACTRESS IN A SUPPORTING ROLE,78,1,65,1987
Ann-Margret,False,F,1941,1971,ACTRESS IN A SUPPORTING ROLE,30,2,30,1971
Ann-Margret,False,F,1941,1975,ACTRESS,34,2,35,1975
Anna Kendrick,False,F,1985,2009,ACTRESS IN A SUPPORTING ROLE,24,1,5,2009
Anna Magnani,False,F,1908,1957,ACTRESS,49,2,12,1957
Anna Magnani,True,F,1908,1955,ACTRESS,47,2,9,1955
Anna Paquin,True,F,1982,1993,ACTRESS IN A SUPPORTING ROLE,11,1,4,1993
Anne Archer,False,F,1947,1987,ACTRESS IN A SUPPORTING ROLE,40,1,20,1987
Anne Bancroft,False,F,1931,1964,ACTRESS,33,5,22,1964
Anne Bancroft,False,F,1931,1967,ACTRESS,36,5,34,1967
Anne Bancroft,False,F,1931,1977,ACTRESS IN A LEADING ROLE,46,5,56,1977
Anne Bancroft,False,F,1931,1985,ACTRESS IN A LEADING ROLE,54,5,69,1985
Anne Bancroft,True,F,1931,1962,ACTRESS,31,5,18,1962
Anne Baxter,False,F,1923,1950,ACTRESS,27,2,53,1950
Anne Baxter,True,F,1923,1946,ACTRESS IN A SUPPORTING ROLE,23,2,33,1946
Anne Hathaway,False,F,1982,2008,ACTRESS IN A LEADING ROLE,26,2,39,2008
Anne Hathaway,True,F,1982,2012,ACTRESS IN A SUPPORTING ROLE,30,2,66,2012
Anne Ramsey,False,F,1929,1987,ACTRESS IN A SUPPORTING ROLE,58,1,14,1987
Anne Revere,False,F,1903,1943,ACTRESS IN A SUPPORTING ROLE,40,3,38,1943
Anne Revere,False,F,1903,1947,ACTRESS IN A SUPPORTING ROLE,44,3,66,1947
Anne Revere,True,F,1903,1945,ACTRESS IN A SUPPORTING ROLE,42,3,47,1945
Anne Shirley,False,F,1918,1937,ACTRESS IN A SUPPORTING ROLE,19,1,1,1937
Annette Bening,False,F,1958,1990,ACTRESS IN A SUPPORTING ROLE,32,4,11,1990
Annette Bening,False,F,1958,1999,ACTRESS IN A LEADING ROLE,41,4,40,1999
Annette Bening,False,F,1958,2004,ACTRESS IN A LEADING ROLE,46,4,47,2004
Annette Bening,False,F,1958,2010,ACTRESS IN A LEADING ROLE,52,4,57,2010
Anthony Franciosa,False,M,1928,1957,ACTOR,29,1,11,1957
Anthony Hopkins,False,M,1937,1993,ACTOR IN A LEADING ROLE,56,5,55,1993
Anthony Hopkins,False,M,1937,1995,ACTOR IN A LEADING ROLE,58,5,65,1995
Anthony Hopkins,False,M,1937,1997,ACTOR IN A SUPPORTING ROLE,60,5,77,1997
Anthony Hopkins,False,M,1937,2019,ACTOR IN A SUPPORTING ROLE,82,5,146,2019
Anthony Hopkins,True,M,1937,1991,ACTOR IN A LEADING ROLE,54,5,37,1991
Anthony Perkins,False,M,1932,1956,ACTOR IN A SUPPORTING ROLE,24,1,8,1956
Anthony Quayle,False,M,1913,1969,ACTOR IN A SUPPORTING ROLE,56,1,40,1969
Anthony Quinn,False,M,1915,1957,ACTOR,42,4,72,1957
Anthony Quinn,False,M,1915,1964,ACTOR,49,4,102,1964
Anthony Quinn,True,M,1915,1952,ACTOR IN A SUPPORTING ROLE,37,4,55,1952
Anthony Quinn,True,M,1915,1956,ACTOR IN A SUPPORTING ROLE,41,4,70,1956
Antonio Banderas,False,M,1960,2019,ACTOR IN A LEADING ROLE,59,1,87,2019
Armin Mueller-Stahl,False,M,1930,1996,ACTOR IN A SUPPORTING ROLE,66,1,35,1996
Art Carney,True,M,1918,1974,ACTOR,56,1,14,1974
Arthur Hunnicutt,False,M,1910,1952,ACTOR IN A SUPPORTING ROLE,42,1,31,1952
Arthur Kennedy,False,M,1914,1949,ACTOR IN A SUPPORTING ROLE,35,5,8,1949
Arthur Kennedy,False,M,1914,1951,ACTOR,37,5,9,1951
Arthur Kennedy,False,M,1914,1955,ACTOR IN A SUPPORTING ROLE,41,5,11,1955
Arthur Kennedy,False,M,1914,1957,ACTOR IN A SUPPORTING ROLE,43,5,14,1957
Arthur Kennedy,False,M,1914,1958,ACTOR IN A SUPPORTING ROLE,44,5,18,1958
Arthur O'Connell,False,M,1908,1955,ACTOR IN A SUPPORTING ROLE,47,2,8,1955
Arthur O'Connell,False,M,1908,1959,ACTOR IN A SUPPORTING ROLE,51,2,37,1959
Audrey Hepburn,False,F,1929,1954,ACTRESS,25,5,14,1954
Audrey Hepburn,False,F,1929,1959,ACTRESS,30,5,34,1959
Audrey Hepburn,False,F,1929,1961,ACTRESS,32,5,45,1961
Audrey Hepburn,False,F,1929,1967,ACTRESS,38,5,57,1967
Audrey Hepburn,True,F,1929,1953,ACTRESS,24,5,9,1953
Ava Gardner,False,F,1922,1953,ACTRESS,31,1,53,1953
Barbara Barrie,False,F,1931,1979,ACTRESS IN A SUPPORTING ROLE,48,1,6,1979
Barbara Bel Geddes,False,F,1922,1948,ACTRESS IN A SUPPORTING ROLE,26,1,11,1948
Barbara Hershey,False,F,1948,1996,ACTRESS IN A SUPPORTING ROLE,48,1,62,1996
Barbara O'Neil,False,F,1910,1940,ACTRESS IN A SUPPORTING ROLE,30,1,17,1940
Barbara Stanwyck,False,F,1907,1937,ACTRESS,30,4,38,1937
Barbara Stanwyck,False,F,1907,1941,ACTRESS,34,4,46,1941
Barbara Stanwyck,False,F,1907,1944,ACTRESS,37,4,53,1944
Barbara Stanwyck,False,F,1907,1948,ACTRESS,41,4,75,1948
Barbra Streisand,False,F,1942,1973,ACTRESS,31,2,14,1973
Barbra Streisand,True,F,1942,1968,ACTRESS,26,2,4,1968
Barkhad Abdi,False,M,1985,2013,ACTOR IN A SUPPORTING ROLE,28,1,3,2013
Barry Fitzgerald,False,M,1888,1944,ACTOR,56,2,30,1944
Barry Fitzgerald,True,M,1888,1944,ACTOR IN A SUPPORTING ROLE,56,2,30,1944
Basil Rathbone,False,M,1892,1936,ACTOR IN A SUPPORTING ROLE,44,2,32,1936
Basil Rathbone,False,M,1892,1938,ACTOR IN A SUPPORTING ROLE,46,2,42,1938
Beah Richards,False,F,1920,1967,ACTRESS IN A SUPPORTING ROLE,47,1,17,1967
Beatrice Straight,True,F,1914,1976,ACTRESS IN A SUPPORTING ROLE,62,1,20,1976
Ben Johnson,True,M,1918,1971,ACTOR IN A SUPPORTING ROLE,53,1,0,1971
Ben Kingsley,False,M,1943,1991,ACTOR IN A SUPPORTING ROLE,48,4,25,1991
Ben Kingsley,False,M,1943,2001,ACTOR IN A SUPPORTING ROLE,58,4,64,2001
Ben Kingsley,False,M,1943,2003,ACTOR IN A LEADING ROLE,60,4,69,2003
Ben Kingsley,True,M,1943,1982,ACTOR IN A LEADING ROLE,39,4,10,1982
Benedict Cumberbatch,False,M,1976,2014,ACTOR IN A LEADING ROLE,38,1,44,2014
Benicio Del Toro,False,M,1967,2003,ACTOR IN A SUPPORTING ROLE,36,2,8,2003
Benicio Del Toro,True,M,1967,2000,ACTOR IN A SUPPORTING ROLE,33,2,8,2000
Bessie Love,False,F,1898,1928,ACTRESS,30,1,20,1928
Betsy Blair,False,F,1923,1955,ACTRESS IN A SUPPORTING ROLE,32,1,18,1955
Bette Davis,False,F,1908,1934,ACTRESS,26,11,17,1934
Bette Davis,False,F,1908,1939,ACTRESS,31,11,37,1939
Bette Davis,False,F,1908,1940,ACTRESS,32,11,40,1940
Bette Davis,False,F,1908,1941,ACTRESS,33,11,46,1941
Bette Davis,False,F,1908,1942,ACTRESS,34,11,51,1942
Bette Davis,False,F,1908,1944,ACTRESS,36,11,55,1944
Bette Davis,False,F,1908,1950,ACTRESS,42,11,65,1950
Bette Davis,False,F,1908,1952,ACTRESS,44,11,69,1952
Bette Davis,False,F,1908,1962,ACTRESS,54,11,91,1962
Bette Davis,True,F,1908,1935,ACTRESS,27,11,20,1935
Bette Davis,True,F,1908,1938,ACTRESS,30,11,30,1938
Bette Midler,False,F,1945,1979,ACTRESS IN A LEADING ROLE,34,2,3,1979
Bette Midler,False,F,1945,1991,ACTRESS IN A LEADING ROLE,46,2,16,1991
Betty Compson,False,F,1897,1928,ACTRESS,31,1,17,1928
Beulah Bondi,False,F,1889,1936,ACTRESS IN A SUPPORTING ROLE,47,2,30,1936
Beulah Bondi,False,F,1889,1938,ACTRESS IN A SUPPORTING ROLE,49,2,46,1938
Bill Murray,False,M,1950,2003,ACTOR IN A LEADING ROLE,53,1,59,2003
Billie Burke,False,F,1884,1938,ACTRESS IN A SUPPORTING ROLE,54,1,41,1938
Billy Bob Thornton,False,M,1955,1996,ACTOR IN A LEADING ROLE,41,2,19,1996
Billy Bob Thornton,False,M,1955,1998,ACTOR IN A SUPPORTING ROLE,43,2,41,1998
Bing Crosby,False,M,1903,1945,ACTOR,42,3,46,1945
Bing Crosby,False,M,1903,1954,ACTOR,51,3,74,1954
Bing Crosby,True,M,1903,1944,ACTOR,41,3,40,1944
Bob Hoskins,False,M,1942,1986,ACTOR IN A LEADING ROLE,44,1,24,1986
Bobby Darin,False,M,1936,1963,ACTOR IN A SUPPORTING ROLE,27,1,28,1963
Bonita Granville,False,F,1923,1936,ACTRESS IN A SUPPORTING ROLE,13,1,13,1936
Brad Dourif,False,M,1950,1975,ACTOR IN A SUPPORTING ROLE,25,1,2,1975
Brad Pitt,False,M,1963,1995,ACTOR IN A SUPPORTING ROLE,32,4,29,1995
Brad Pitt,False,M,1963,2008,ACTOR IN A LEADING ROLE,45,4,83,2008
Brad Pitt,False,M,1963,2011,ACTOR IN A LEADING ROLE,48,4,101,2011
Brad Pitt,True,M,1963,2019,ACTOR IN A SUPPORTING ROLE,56,4,128,2019
Bradley Cooper,False,M,1975,2012,ACTOR IN A LEADING ROLE,37,4,29,2012
Bradley Cooper,False,M,1975,2013,ACTOR IN A SUPPORTING ROLE,38,4,33,2013
Bradley Cooper,False,M,1975,2014,ACTOR IN A LEADING ROLE,39,4,37,2014
Bradley Cooper,False,M,1975,2018,ACTOR IN A LEADING ROLE,43,4,59,2018
Brandon De Wilde,False,M,1942,1953,ACTOR IN A SUPPORTING ROLE,11,1,2,1953
Brenda Blethyn,False,F,1946,1996,ACTRESS IN A LEADING ROLE,50,2,6,1996
Brenda Blethyn,False,F,1946,1998,ACTRESS IN A SUPPORTING ROLE,52,2,12,1998
Brenda Fricker,True,F,1945,1989,ACTRESS IN A SUPPORTING ROLE,44,1,2,1989
Brenda Vaccaro,False,F,1939,1975,ACTRESS IN A SUPPORTING ROLE,36,1,9,1975
Brian Aherne,False,M,1902,1939,ACTOR IN A SUPPORTING ROLE,37,1,29,1939
Brian Donlevy,False,M,1901,1939,ACTOR IN A SUPPORTING ROLE,38,1,32,1939
Brie Larson,True,F,1989,2015,ACTRESS IN A LEADING ROLE,26,1,29,2015
Broderick Crawford,True,M,1911,1949,ACTOR,38,1,40,1949
Bruce Davison,False,M,1946,1990,ACTOR IN A SUPPORTING ROLE,44,1,27,1990
Bruce Dern,False,M,1936,1978,ACTOR IN A SUPPORTING ROLE,42,2,59,1978
Bruce Dern,False,M,1936,2013,ACTOR IN A LEADING ROLE,77,2,130,2013
Bryan Cranston,False,M,1956,2015,ACTOR IN A LEADING ROLE,59,1,60,2015
Burgess Meredith,False,M,1907,1975,ACTOR IN A SUPPORTING ROLE,68,2,103,1975
Burgess Meredith,False,M,1907,1976,ACTOR IN A SUPPORTING ROLE,69,2,109,1976
Burl Ives,True,M,1909,1958,ACTOR IN A SUPPORTING ROLE,49,1,27,1958
Burt Lancaster,False,M,1913,1953,ACTOR,40,4,40,1953
Burt Lancaster,False,M,1913,1962,ACTOR,49,4,70,1962
Burt Lancaster,False,M,1913,1981,ACTOR IN A LEADING ROLE,68,4,119,1981
Burt Lancaster,True,M,1913,1960,ACTOR,47,4,66,1960
Burt Reynolds,False,M,1936,1997,ACTOR IN A SUPPORTING ROLE,61,1,76,1997
Burt Young,False,M,1940,1976,ACTOR IN A SUPPORTING ROLE,36,1,27,1976
Bérénice Bejo,False,F,1976,2011,ACTRESS IN A SUPPORTING ROLE,35,1,4,2011
Candice Bergen,False,F,1946,1979,ACTRESS IN A SUPPORTING ROLE,33,1,40,1979
Candy Clark,False,F,1947,1973,ACTRESS IN A SUPPORTING ROLE,26,1,7,1973
Cara Williams,False,F,1925,1958,ACTRESS IN A SUPPORTING ROLE,33,1,34,1958
Carey Mulligan,False,F,1985,2009,ACTRESS IN A LEADING ROLE,24,1,18,2009
Carol Channing,False,F,1921,1967,ACTRESS IN A SUPPORTING ROLE,46,1,5,1967
Carol Kane,False,F,1952,1975,ACTRESS,23,1,12,1975
Carole Lombard,False,F,1908,1936,ACTRESS,28,1,44,1936
Carolyn Jones,False,F,1930,1957,ACTRESS IN A SUPPORTING ROLE,27,1,19,1957
Carrie Snodgress,False,F,1945,1970,ACTRESS,25,1,4,1970
Carroll Baker,False,F,1931,1956,ACTRESS,25,1,9,1956
Cary Grant,False,M,1904,1941,ACTOR,37,2,56,1941
Cary Grant,False,M,1904,1944,ACTOR,40,2,69,1944
Casey Affleck,False,M,1975,2007,ACTOR IN A SUPPORTING ROLE,32,2,37,2007
Casey Affleck,True,M,1975,2016,ACTOR IN A LEADING ROLE,41,2,65,2016
Catalina Sandino Moreno,False,F,1981,2004,ACTRESS IN A LEADING ROLE,23,1,0,2004
Cate Blanchett,False,F,1969,1998,ACTRESS IN A LEADING ROLE,29,7,9,1998
Cate Blanchett,False,F,1969,2006,ACTRESS IN A SUPPORTING ROLE,37,7,60,2006
Cate Blanchett,False,F,1969,2007,ACTRESS IN A LEADING ROLE,38,7,67,2007
Cate Blanchett,False,F,1969,2007,ACTRESS IN A SUPPORTING ROLE,38,7,67,2007
Cate Blanchett,False,F,1969,2015,ACTRESS IN A LEADING ROLE,46,7,96,2015
Cate Blanchett,True,F,1969,2004,ACTRESS IN A SUPPORTING ROLE,35,7,55,2004
Cate Blanchett,True,F,1969,2013,ACTRESS IN A LEADING ROLE,44,7,85,2013
Catherine Burns,False,F,1945,1969,ACTRESS IN A SUPPORTING ROLE,24,1,7,1969
Catherine Deneuve,False,F,1943,1992,ACTRESS IN A LEADING ROLE,49,1,21,1992
Catherine Keener,False,F,1959,1999,ACTRESS IN A SUPPORTING ROLE,40,2,36,1999
Catherine Keener,False,F,1959,2005,ACTRESS IN A SUPPORTING ROLE,46,2,47,2005
Catherine Zeta-Jones,True,F,1969,2002,ACTRESS IN A SUPPORTING ROLE,33,1,30,2002
Cathy Moriarty,False,F,1960,1980,ACTRESS IN A SUPPORTING ROLE,20,1,3,1980
Cecil Kellaway,False,M,1890,1948,ACTOR IN A SUPPORTING ROLE,58,2,79,1948
Cecil Kellaway,False,M,1890,1967,ACTOR IN A SUPPORTING ROLE,77,2,127,1967
Celeste Holm,False,F,1917,1949,ACTRESS IN A SUPPORTING ROLE,32,3,25,1949
Celeste Holm,False,F,1917,1950,ACTRESS IN A SUPPORTING ROLE,33,3,29,1950
Celeste Holm,True,F,1917,1947,ACTRESS IN A SUPPORTING ROLE,30,3,8,1947
Celia Johnson,False,F,1908,1946,ACTRESS,38,1,6,1946
Charles Bickford,False,M,1891,1943,ACTOR IN A SUPPORTING ROLE,52,3,48,1943
Charles Bickford,False,M,1891,1947,ACTOR IN A SUPPORTING ROLE,56,3,65,1947
Charles Bickford,False,M,1891,1948,ACTOR IN A SUPPORTING ROLE,57,3,70,1948
Charles Boyer,False,M,1899,1937,ACTOR,38,4,22,1937
Charles Boyer,False,M,1899,1938,ACTOR,39,4,23,1938
Charles Boyer,False,M,1899,1944,ACTOR,45,4,48,1944
Charles Boyer,False,M,1899,1961,ACTOR,62,4,83,1961
Charles Chaplin,False,M,1889,1940,ACTOR,51,1,13,1940
Charles Coburn,False,M,1877,1941,ACTOR IN A SUPPORTING ROLE,64,3,46,1941
Charles Coburn,False,M,1877,1946,ACTOR IN A SUPPORTING ROLE,69,3,69,1946
Charles Coburn,True,M,1877,1943,ACTOR IN A SUPPORTING ROLE,66,3,59,1943
Charles Durning,False,M,1923,1982,ACTOR IN A SUPPORTING ROLE,59,2,62,1982
Charles Durning,False,M,1923,1983,ACTOR IN A SUPPORTING ROLE,60,2,66,1983
Charles Laughton,False,M,1899,1935,ACTOR,36,3,27,1935
Charles Laughton,False,M,1899,1957,ACTOR,58,3,79,1957
Charles Laughton,True,M,1899,1932,ACTOR,33,3,14,1932
Charlize Theron,False,F,1975,2005,ACTRESS IN A LEADING ROLE,30,3,53,2005
Charlize Theron,False,F,1975,2019,ACTRESS IN A LEADING ROLE,44,3,84,2019
Charlize Theron,True,F,1975,2003,ACTRESS IN A LEADING ROLE,28,3,46,2003
Charlotte Rampling,False,F,1946,2015,ACTRESS IN A LEADING ROLE,69,1,59,2015
Charlton Heston,True,M,1923,1959,ACTOR,36,1,46,1959
Chazz Palminteri,False,M,1952,1994,ACTOR IN A SUPPORTING ROLE,42,1,14,1994
Cher,False,F,1946,1983,ACTRESS IN A SUPPORTING ROLE,37,2,11,1983
Cher,True,F,1946,1987,ACTRESS IN A LEADING ROLE,41,2,23,1987
Chester Morris,False,M,1901,1928,ACTOR,27,1,2,1928
Chief Dan George,False,M,1899,1970,ACTOR IN A SUPPORTING ROLE,71,1,4,1970
Chill Wills,False,M,1902,1960,ACTOR IN A SUPPORTING ROLE,58,1,76,1960
Chiwetel Ejiofor,False,M,1977,2013,ACTOR IN A LEADING ROLE,36,1,55,2013
Chloë Sevigny,False,F,1974,1999,ACTRESS IN A SUPPORTING ROLE,25,1,5,1999
Chris Cooper,True,M,1951,2002,ACTOR IN A SUPPORTING ROLE,51,1,46,2002
Chris Sarandon,False,M,1942,1975,ACTOR IN A SUPPORTING ROLE,33,1,4,1975
Christian Bale,False,M,1974,2013,ACTOR IN A LEADING ROLE,39,4,89,2013
Christian Bale,False,M,1974,2015,ACTOR IN A SUPPORTING ROLE,41,4,101,2015
Christian Bale,False,M,1974,2018,ACTOR IN A LEADING ROLE,44,4,108,2018
Christian Bale,True,M,1974,2010,ACTOR IN A SUPPORTING ROLE,36,4,79,2010
Christine Lahti,False,F,1950,1984,ACTRESS IN A SUPPORTING ROLE,34,1,12,1984
Christoph Waltz,True,M,1956,2009,ACTOR IN A SUPPORTING ROLE,53,2,10,2009
Christoph Waltz,True,M,1956,2012,ACTOR IN A SUPPORTING ROLE,56,2,21,2012
Christopher Plummer,False,M,1929,2009,ACTOR IN A SUPPORTING ROLE,80,3,133,2009
Christopher Plummer,False,M,1929,2017,ACTOR IN A SUPPORTING ROLE,88,3,147,2017
Christopher Plummer,True,M,1929,2011,ACTOR IN A SUPPORTING ROLE,82,3,136,2011
Christopher Walken,False,M,1943,2002,ACTOR IN A SUPPORTING ROLE,59,2,102,2002
Christopher Walken,True,M,1943,1978,ACTOR IN A SUPPORTING ROLE,35,2,22,1978
Cicely Tyson,False,F,1924,1972,ACTRESS,48,1,10,1972
Claire Trevor,False,F,1910,1937,ACTRESS IN A SUPPORTING ROLE,27,3,19,1937
Claire Trevor,False,F,1910,1954,ACTRESS IN A SUPPORTING ROLE,44,3,62,1954
Claire Trevor,True,F,1910,1948,ACTRESS IN A SUPPORTING ROLE,38,3,50,1948
Clark Gable,False,M,1901,1935,ACTOR,34,3,53,1935
Clark Gable,False,M,1901,1939,ACTOR,38,3,70,1939
Clark Gable,True,M,1901,1934,ACTOR,33,3,45,1934
Claude Rains,False,M,1889,1939,ACTOR IN A SUPPORTING ROLE,50,4,36,1939
Claude Rains,False,M,1889,1943,ACTOR IN A SUPPORTING ROLE,54,4,52,1943
Claude Rains,False,M,1889,1944,ACTOR IN A SUPPORTING ROLE,55,4,52,1944
Claude Rains,False,M,1889,1946,ACTOR IN A SUPPORTING ROLE,57,4,60,1946
Claudette Colbert,False,F,1903,1935,ACTRESS,32,3,28,1935
Claudette Colbert,False,F,1903,1944,ACTRESS,41,3,55,1944
Claudette Colbert,True,F,1903,1934,ACTRESS,31,3,25,1934
Cliff Robertson,True,M,1923,1968,ACTOR,45,1,24,1968
Clifton Webb,False,M,1889,1944,ACTOR IN A SUPPORTING ROLE,55,3,7,1944
Clifton Webb,False,M,1889,1946,ACTOR IN A SUPPORTING ROLE,57,3,13,1946
Clifton Webb,False,M,1889,1948,ACTOR,59,3,15,1948
Clint Eastwood,False,M,1930,1992,ACTOR IN A LEADING ROLE,62,2,60,1992
Clint Eastwood,False,M,1930,2004,ACTOR IN A LEADING ROLE,74,2,103,2004
Clive Owen,False,M,1964,2004,ACTOR IN A SUPPORTING ROLE,40,1,28,2004
Cloris Leachman,True,F,1926,1971,ACTRESS IN A SUPPORTING ROLE,45,1,27,1971
Colette Marchand,False,F,1925,1952,ACTRESS IN A SUPPORTING ROLE,27,1,3,1952
Colin Firth,False,M,1960,2009,ACTOR IN A LEADING ROLE,49,2,61,2009
Colin Firth,True,M,1960,2010,ACTOR IN A LEADING ROLE,50,2,65,2010
Corinne Griffith,False,F,1894,1928,ACTRESS,34,1,9,1928
Cornel Wilde,False,M,1912,1945,ACTOR,33,1,18,1945
Cynthia Erivo,False,F,1987,2019,ACTRESS IN A LEADING ROLE,32,1,7,2019
Dan Aykroyd,False,M,1952,1989,ACTOR IN A SUPPORTING ROLE,37,1,31,1989
Dan Dailey,False,M,1915,1948,ACTOR,33,1,28,1948
Dan O'Herlihy,False,M,1919,1954,ACTOR,35,1,19,1954
Daniel Day-Lewis,False,M,1957,1993,ACTOR IN A LEADING ROLE,36,5,40,1993
Daniel Day-Lewis,False,M,1957,2002,ACTOR IN A LEADING ROLE,45,5,47,2002
Daniel Day-Lewis,False,M,1957,2017,ACTOR IN A LEADING ROLE,60,5,62,2017
Daniel Day-Lewis,True,M,1957,2007,ACTOR IN A LEADING ROLE,50,5,49,2007
Daniel Day-Lewis,True,M,1957,2012,ACTOR IN A LEADING ROLE,55,5,61,2012
Daniel Kaluuya,False,M,1989,2017,ACTOR IN A LEADING ROLE,28,1,6,2017
Danny Aiello,False,M,1933,1989,ACTOR IN A SUPPORTING ROLE,56,1,38,1989
David Niven,True,M,1910,1958,ACTOR,48,1,94,1958
David Paymer,False,M,1954,1992,ACTOR IN A SUPPORTING ROLE,38,1,8,1992
David Strathairn,False,M,1949,2005,ACTOR IN A LEADING ROLE,56,1,81,2005
Dean Jagger,True,M,1903,1949,ACTOR IN A SUPPORTING ROLE,46,1,33,1949
Dean Stockwell,False,M,1936,1988,ACTOR IN A SUPPORTING ROLE,52,1,89,1988
Debbie Reynolds,False,F,1932,1964,ACTRESS,32,1,100,1964
Deborah Kerr,False,F,1921,1949,ACTRESS,28,6,17,1949
Deborah Kerr,False,F,1921,1953,ACTRESS,32,6,44,1953
Deborah Kerr,False,F,1921,1956,ACTRESS,35,6,53,1956
Deborah Kerr,False,F,1921,1957,ACTRESS,36,6,56,1957
Deborah Kerr,False,F,1921,1958,ACTRESS,37,6,60,1958
Deborah Kerr,False,F,1921,1960,ACTRESS,39,6,68,1960
Debra Winger,False,F,1955,1982,ACTRESS IN A LEADING ROLE,27,3,6,1982
Debra Winger,False,F,1955,1983,ACTRESS IN A LEADING ROLE,28,3,11,1983
Debra Winger,False,F,1955,1993,ACTRESS IN A LEADING ROLE,38,3,30,1993
Demián Bichir,False,M,1963,2011,ACTOR IN A LEADING ROLE,48,1,5,2011
Denholm Elliott,False,M,1922,1986,ACTOR IN A SUPPORTING ROLE,64,1,91,1986
Dennis Hopper,False,M,1936,1986,ACTOR IN A SUPPORTING ROLE,50,1,63,1986
Denzel Washington,False,M,1954,1987,ACTOR IN A SUPPORTING ROLE,33,8,8,1987
Denzel Washington,False,M,1954,1992,ACTOR IN A LEADING ROLE,38,8,15,1992
Denzel Washington,False,M,1954,1999,ACTOR IN A LEADING ROLE,45,8,42,1999
Denzel Washington,False,M,1954,2012,ACTOR IN A LEADING ROLE,58,8,68,2012
Denzel Washington,False,M,1954,2016,ACTOR IN A LEADING ROLE,62,8,73,2016
Denzel Washington,False,M,1954,2017,ACTOR IN A LEADING ROLE,63,8,73,2017
Denzel Washington,True,M,1954,1989,ACTOR IN A SUPPORTING ROLE,35,8,10,1989
Denzel Washington,True,M,1954,2001,ACTOR IN A LEADING ROLE,47,8,43,2001
Dev Patel,False,M,1990,2016,ACTOR IN A SUPPORTING ROLE,26,1,10,2016
Dexter Gordon,False,M,1923,1986,ACTOR IN A LEADING ROLE,63,1,1,1986
Diahann Carroll,False,F,1935,1974,ACTRESS,39,1,19,1974
Diana Ross,False,F,1944,1972,ACTRESS,28,1,0,1972
Diana Scarwid,False,F,1955,1980,ACTRESS IN A SUPPORTING ROLE,25,1,5,1980
Diana Wynyard,False,F,1906,1932,ACTRESS,26,1,2,1932
Diane Cilento,False,F,1932,1963,ACTRESS IN A SUPPORTING ROLE,31,1,14,1963
Diane Keaton,False,F,1946,1981,ACTRESS IN A LEADING ROLE,35,4,38,1981
Diane Keaton,False,F,1946,1996,ACTRESS IN A LEADING ROLE,50,4,71,1996
Diane Keaton,False,F,1946,2003,ACTRESS IN A LEADING ROLE,57,4,79,2003
Diane Keaton,True,F,1946,1977,ACTRESS IN A LEADING ROLE,31,4,29,1977
Diane Ladd,False,F,1935,1974,ACTRESS IN A SUPPORTING ROLE,39,3,22,1974
Diane Ladd,False,F,1935,1990,ACTRESS IN A SUPPORTING ROLE,55,3,38,1990
Diane Ladd,False,F,1935,1991,ACTRESS IN A SUPPORTING ROLE,56,3,41,1991
Diane Lane,False,F,1965,2002,ACTRESS IN A LEADING ROLE,37,1,57,2002
Diane Varsi,False,F,1938,1957,ACTRESS IN A SUPPORTING ROLE,19,1,4,1957
Dianne Wiest,False,F,1946,1989,ACTRESS IN A SUPPORTING ROLE,43,3,25,1989
Dianne Wiest,True,F,1946,1986,ACTRESS IN A SUPPORTING ROLE,40,3,13,1986
Dianne Wiest,True,F,1946,1994,ACTRESS IN A SUPPORTING ROLE,48,3,33,1994
Djimon Hounsou,False,M,1964,2003,ACTOR IN A SUPPORTING ROLE,39,2,22,2003
Djimon Hounsou,False,M,1964,2006,ACTOR IN A SUPPORTING ROLE,42,2,35,2006
Don Ameche,True,M,1908,1985,ACTOR IN A SUPPORTING ROLE,77,1,58,1985
Don Cheadle,False,M,1964,2004,ACTOR IN A LEADING ROLE,40,1,71,2004
Donald Crisp,True,M,1882,1941,ACTOR IN A SUPPORTING ROLE,59,1,90,1941
Donna Reed,True,F,1921,1953,ACTRESS IN A SUPPORTING ROLE,32,1,53,1953
Doris Day,False,F,1922,1959,ACTRESS,37,1,32,1959
Dorothy Dandridge,False,F,1922,1954,ACTRESS,32,1,21,1954
Dorothy Malone,True,F,1924,1956,ACTRESS IN A SUPPORTING ROLE,32,1,30,1956
Dorothy McGuire,False,F,1916,1947,ACTRESS,31,1,22,1947
Dudley Moore,False,M,1935,1981,ACTOR IN A LEADING ROLE,46,1,14,1981
Dustin Hoffman,False,M,1937,1967,ACTOR,30,7,5,1967
Dustin Hoffman,False,M,1937,1969,ACTOR,32,7,11,1969
Dustin Hoffman,False,M,1937,1974,ACTOR,37,7,21,1974
Dustin Hoffman,False,M,1937,1982,ACTOR IN A LEADING ROLE,45,7,43,1982
Dustin Hoffman,False,M,1937,1997,ACTOR IN A LEADING ROLE,60,7,92,1997
Dustin Hoffman,True,M,1937,1979,ACTOR IN A LEADING ROLE,42,7,37,1979
Dustin Hoffman,True,M,1937,1988,ACTOR IN A LEADING ROLE,51,7,49,1988
Dyan Cannon,False,F,1937,1969,ACTRESS IN A SUPPORTING ROLE,32,2,3,1969
Dyan Cannon,False,F,1937,1978,ACTRESS IN A SUPPORTING ROLE,41,2,28,1978
Ed Begley,True,M,1901,1962,ACTOR IN A SUPPORTING ROLE,61,1,55,1962
Ed Harris,False,M,1950,1995,ACTOR IN A SUPPORTING ROLE,45,4,62,1995
Ed Harris,False,M,1950,1998,ACTOR IN A SUPPORTING ROLE,48,4,74,1998
Ed Harris,False,M,1950,2000,ACTOR IN A LEADING ROLE,50,4,79,2000
Ed Harris,False,M,1950,2002,ACTOR IN A SUPPORTING ROLE,52,4,95,2002
Ed Wynn,False,M,1886,1959,ACTOR IN A SUPPORTING ROLE,73,1,35,1959
Eddie Albert,False,M,1906,1953,ACTOR IN A SUPPORTING ROLE,47,2,36,1953
Eddie Albert,False,M,1906,1972,ACTOR IN A SUPPORTING ROLE,66,2,116,1972
Eddie Murphy,False,M,1961,2006,ACTOR IN A SUPPORTING ROLE,45,1,34,2006
Eddie Redmayne,False,M,1982,2015,ACTOR IN A LEADING ROLE,33,2,30,2015
Eddie Redmayne,True,M,1982,2014,ACTOR IN A LEADING ROLE,32,2,27,2014
Edmond O'Brien,False,M,1915,1964,ACTOR IN A SUPPORTING ROLE,49,2,82,1964
Edmond O'Brien,True,M,1915,1954,ACTOR IN A SUPPORTING ROLE,39,2,47,1954
Edmund Gwenn,False,M,1877,1950,ACTOR IN A SUPPORTING ROLE,73,2,81,1950
Edmund Gwenn,True,M,1877,1947,ACTOR IN A SUPPORTING ROLE,70,2,69,1947
Edna May Oliver,False,F,1883,1939,ACTRESS IN A SUPPORTING ROLE,56,1,53,1939
Edward James Olmos,False,M,1947,1988,ACTOR IN A LEADING ROLE,41,1,8,1988
Edward Norton,False,M,1969,1996,ACTOR IN A SUPPORTING ROLE,27,3,12,1996
Edward Norton,False,M,1969,1998,ACTOR IN A LEADING ROLE,29,3,16,1998
Edward Norton,False,M,1969,2014,ACTOR IN A SUPPORTING ROLE,45,3,72,2014
Eileen Brennan,False,F,1932,1980,ACTRESS IN A SUPPORTING ROLE,48,1,41,1980
Eileen Heckart,False,F,1919,1956,ACTRESS IN A SUPPORTING ROLE,37,2,13,1956
Eileen Heckart,True,F,1919,1972,ACTRESS IN A SUPPORTING ROLE,53,2,26,1972
Eleanor Parker,False,F,1922,1950,ACTRESS,28,3,30,1950
Eleanor Parker,False,F,1922,1951,ACTRESS,29,3,36,1951
Eleanor Parker,False,F,1922,1955,ACTRESS,33,3,48,1955
Elisabeth Bergner,False,F,1897,1935,ACTRESS,38,1,2,1935
Elisabeth Shue,False,F,1963,1995,ACTRESS IN A LEADING ROLE,32,1,21,1995
Elizabeth Hartman,False,F,1943,1965,ACTRESS,22,1,2,1965
Elizabeth McGovern,False,F,1961,1981,ACTRESS IN A SUPPORTING ROLE,20,1,10,1981
Elizabeth Taylor,False,F,1932,1957,ACTRESS,25,5,62,1957
Elizabeth Taylor,False,F,1932,1958,ACTRESS,26,5,65,1958
Elizabeth Taylor,False,F,1932,1959,ACTRESS,27,5,67,1959
Elizabeth Taylor,True,F,1932,1960,ACTRESS,28,5,72,1960
Elizabeth Taylor,True,F,1932,1966,ACTRESS,34,5,81,1966
Ellen Burstyn,False,F,1932,1971,ACTRESS IN A SUPPORTING ROLE,39,6,12,1971
Ellen Burstyn,False,F,1932,1973,ACTRESS,41,6,17,1973
Ellen Burstyn,False,F,1932,1978,ACTRESS IN A LEADING ROLE,46,6,29,1978
Ellen Burstyn,False,F,1932,1980,ACTRESS IN A LEADING ROLE,48,6,32,1980
Ellen Burstyn,False,F,1932,2000,ACTRESS IN A LEADING ROLE,68,6,73,2000
Ellen Burstyn,True,F,1932,1974,ACTRESS,42,6,25,1974
Ellen Corby,False,F,1911,1948,ACTRESS IN A SUPPORTING ROLE,37,1,15,1948
Elliott Gould,False,M,1938,1969,ACTOR IN A SUPPORTING ROLE,31,1,12,1969
Elsa Lanchester,False,F,1902,1949,ACTRESS IN A SUPPORTING ROLE,47,2,49,1949
Elsa Lanchester,False,F,1902,1957,ACTRESS IN A SUPPORTING ROLE,55,2,61,1957
Emil Jannings,True,M,1884,1927,ACTOR,43,1,5,1927
Emily Watson,False,F,1967,1996,ACTRESS IN A LEADING ROLE,29,2,0,1996
Emily Watson,False,F,1967,1998,ACTRESS IN A LEADING ROLE,31,2,4,1998
Emma Stone,False,F,1988,2014,ACTRESS IN A SUPPORTING ROLE,26,3,52,2014
Emma Stone,False,F,1988,2018,ACTRESS IN A SUPPORTING ROLE,30,3,61,2018
Emma Stone,True,F,1988,2016,ACTRESS IN A LEADING ROLE,28,3,57,2016
Emma Thompson,False,F,1959,1993,ACTRESS IN A LEADING ROLE,34,4,18,1993
Emma Thompson,False,F,1959,1993,ACTRESS IN A SUPPORTING ROLE,34,4,18,1993
Emma Thompson,False,F,1959,1995,ACTRESS IN A LEADING ROLE,36,4,25,1995
Emma Thompson,True,F,1959,1992,ACTRESS IN A LEADING ROLE,33,4,13,1992
Emmanuelle Riva,False,F,1927,2012,ACTRESS IN A LEADING ROLE,85,1,11,2012
Eric Roberts,False,M,1956,1985,ACTOR IN A SUPPORTING ROLE,29,1,20,1985
Erich von Stroheim,False,M,1885,1950,ACTOR IN A SUPPORTING ROLE,65,1,33,1950
Ernest Borgnine,True,M,1917,1955,ACTOR,38,1,34,1955
Estelle Parsons,False,F,1927,1968,ACTRESS IN A SUPPORTING ROLE,41,2,10,1968
Estelle Parsons,True,F,1927,1967,ACTRESS IN A SUPPORTING ROLE,40,2,7,1967
Ethan Hawke,False,M,1970,2001,ACTOR IN A SUPPORTING ROLE,31,2,39,2001
Ethan Hawke,False,M,1970,2014,ACTOR IN A SUPPORTING ROLE,44,2,63,2014
Ethel Barrymore,False,F,1879,1946,ACTRESS IN A SUPPORTING ROLE,67,4,14,1946
Ethel Barrymore,False,F,1879,1947,ACTRESS IN A SUPPORTING ROLE,68,4,20,1947
Ethel Barrymore,False,F,1879,1949,ACTRESS IN A SUPPORTING ROLE,70,4,44,1949
Ethel Barrymore,True,F,1879,1944,ACTRESS IN A SUPPORTING ROLE,65,4,10,1944
Ethel Waters,False,F,1896,1949,ACTRESS IN A SUPPORTING ROLE,53,1,33,1949
Eva Le Gallienne,False,F,1899,1980,ACTRESS IN A SUPPORTING ROLE,81,1,10,1980
Eva Marie Saint,True,F,1924,1954,ACTRESS IN A SUPPORTING ROLE,30,1,6,1954
Eve Arden,False,F,1908,1945,ACTRESS IN A SUPPORTING ROLE,37,1,43,1945
F. Murray Abraham,True,M,1939,1984,ACTOR IN A LEADING ROLE,45,1,24,1984
Fay Bainter,False,F,1893,1938,ACTRESS,45,3,23,1938
Fay Bainter,False,F,1893,1961,ACTRESS IN A SUPPORTING ROLE,68,3,65,1961
Fay Bainter,True,F,1893,1938,ACTRESS IN A SUPPORTING ROLE,45,3,23,1938
Faye Dunaway,False,F,1941,1967,ACTRESS,26,3,17,1967
Faye Dunaway,False,F,1941,1974,ACTRESS,33,3,47,1974
Faye Dunaway,True,F,1941,1976,ACTRESS IN A LEADING ROLE,35,3,67,1976
Felicity Huffman,False,F,1962,2005,ACTRESS IN A LEADING ROLE,43,1,19,2005
Felicity Jones,False,F,1983,2014,ACTRESS IN A LEADING ROLE,31,1,17,2014
Fernanda Montenegro,False,F,1929,1998,ACTRESS IN A LEADING ROLE,69,1,0,1998
Flora Robson,False,F,1902,1946,ACTRESS IN A SUPPORTING ROLE,44,1,28,1946
Florence Pugh,False,F,1996,2019,ACTRESS IN A SUPPORTING ROLE,23,1,9,2019
Forest Whitaker,True,M,1961,2006,ACTOR IN A LEADING ROLE,45,1,71,2006
Frances McDormand,False,F,1957,1988,ACTRESS IN A SUPPORTING ROLE,31,5,6,1988
Frances McDormand,False,F,1957,2000,ACTRESS IN A SUPPORTING ROLE,43,5,45,2000
Frances McDormand,False,F,1957,2005,ACTRESS IN A SUPPORTING ROLE,48,5,59,2005
Frances McDormand,True,F,1957,1996,ACTRESS IN A LEADING ROLE,39,5,33,1996
Frances McDormand,True,F,1957,2017,ACTRESS IN A LEADING ROLE,60,5,85,2017
Franchot Tone,False,M,1905,1935,ACTOR,30,1,41,1935
Frank Finlay,False,M,1926,1965,ACTOR IN A SUPPORTING ROLE,39,1,25,1965
Frank Langella,False,M,1938,2008,ACTOR IN A LEADING ROLE,70,1,51,2008
Frank Morgan,False,M,1890,1934,ACTOR,44,2,34,1934
Frank Morgan,False,M,1890,1942,ACTOR IN A SUPPORTING ROLE,52,2,77,1942
Frank Sinatra,False,M,1915,1955,ACTOR,40,2,29,1955
Frank Sinatra,True,M,1915,1953,ACTOR IN A SUPPORTING ROLE,38,2,19,1953
Fred Astaire,False,M,1899,1974,ACTOR IN A SUPPORTING ROLE,75,1,49,1974
Frederic Forrest,False,M,1936,1979,ACTOR IN A SUPPORTING ROLE,43,1,19,1979
Fredric March,False,M,1897,1930,ACTOR,33,5,16,1930
Fredric March,False,M,1897,1937,ACTOR,40,5,55,1937
Fredric March,False,M,1897,1951,ACTOR,54,5,90,1951
Fredric March,True,M,1897,1931,ACTOR,34,5,18,1931
Fredric March,True,M,1897,1946,ACTOR,49,5,79,1946
Gabourey Sidibe,False,F,1983,2009,ACTRESS IN A LEADING ROLE,26,1,2,2009
Gale Sondergaard,False,F,1899,1946,ACTRESS IN A SUPPORTING ROLE,47,2,49,1946
Gale Sondergaard,True,F,1899,1936,ACTRESS IN A SUPPORTING ROLE,37,2,6,1936
Gary Busey,False,M,1944,1978,ACTOR IN A LEADING ROLE,34,1,13,1978
Gary Cooper,False,M,1901,1936,ACTOR,35,5,62,1936
Gary Cooper,False,M,1901,1942,ACTOR,41,5,82,1942
Gary Cooper,False,M,1901,1943,ACTOR,42,5,84,1943
Gary Cooper,True,M,1901,1941,ACTOR,40,5,80,1941
Gary Cooper,True,M,1901,1952,ACTOR,51,5,116,1952
Gary Oldman,False,M,1958,2011,ACTOR IN A LEADING ROLE,53,2,100,2011
Gary Oldman,True,M,1958,2017,ACTOR IN A LEADING ROLE,59,2,109,2017
Gary Sinise,False,M,1955,1994,ACTOR IN A SUPPORTING ROLE,39,1,11,1994
Geena Davis,False,F,1956,1991,ACTRESS IN A LEADING ROLE,35,2,19,1991
Geena Davis,True,F,1956,1988,ACTRESS IN A SUPPORTING ROLE,32,2,12,1988
Gena Rowlands,False,F,1930,1974,ACTRESS,44,2,13,1974
Gena Rowlands,False,F,1930,1980,ACTRESS IN A LEADING ROLE,50,2,16,1980
Gene Hackman,False,M,1930,1967,ACTOR IN A SUPPORTING ROLE,37,5,13,1967
Gene Hackman,False,M,1930,1970,ACTOR IN A SUPPORTING ROLE,40,5,24,1970
Gene Hackman,False,M,1930,1988,ACTOR IN A LEADING ROLE,58,5,101,1988
Gene Hackman,True,M,1930,1971,ACTOR,41,5,30,1971
Gene Hackman,True,M,1930,1992,ACTOR IN A SUPPORTING ROLE,62,5,113,1992
Gene Kelly,False,M,1912,1945,ACTOR,33,1,16,1945
Gene Lockhart,False,M,1891,1938,ACTOR IN A SUPPORTING ROLE,47,1,35,1938
Gene Tierney,False,F,1920,1945,ACTRESS,25,1,27,1945
Gene Wilder,False,M,1933,1968,ACTOR IN A SUPPORTING ROLE,35,1,6,1968
Geoffrey Rush,False,M,1951,1998,ACTOR IN A SUPPORTING ROLE,47,4,17,1998
Geoffrey Rush,False,M,1951,2000,ACTOR IN A LEADING ROLE,49,4,24,2000
Geoffrey Rush,False,M,1951,2010,ACTOR IN A SUPPORTING ROLE,59,4,48,2010
Geoffrey Rush,True,M,1951,1996,ACTOR IN A LEADING ROLE,45,4,7,1996
George Arliss,False,M,1868,1929,ACTOR,61,2,3,1929
George Arliss,True,M,1868,1929,ACTOR,61,2,3,1929
George Bancroft,False,M,1882,1928,ACTOR,46,1,2,1928
George Burns,True,M,1896,1975,ACTOR IN A SUPPORTING ROLE,79,1,28,1975
George C. Scott,False,M,1927,1959,ACTOR IN A SUPPORTING ROLE,32,4,7,1959
George C. Scott,False,M,1927,1961,ACTOR IN A SUPPORTING ROLE,34,4,12,1961
George C. Scott,False,M,1927,1971,ACTOR,44,4,40,1971
George C. Scott,True,M,1927,1970,ACTOR,43,4,37,1970
George Chakiris,True,M,1934,1961,ACTOR IN A SUPPORTING ROLE,27,1,14,1961
George Clooney,False,M,1961,2007,ACTOR IN A LEADING ROLE,46,4,69,2007
George Clooney,False,M,1961,2009,ACTOR IN A LEADING ROLE,48,4,84,2009
George Clooney,False,M,1961,2011,ACTOR IN A LEADING ROLE,50,4,90,2011
George Clooney,True,M,1961,2005,ACTOR IN A SUPPORTING ROLE,44,4,61,2005
George Kennedy,True,M,1925,1967,ACTOR IN A SUPPORTING ROLE,42,1,38,1967
George Sanders,True,M,1906,1950,ACTOR IN A SUPPORTING ROLE,44,1,70,1950
George Segal,False,M,1934,1966,ACTOR IN A SUPPORTING ROLE,32,1,38,1966
Geraldine Fitzgerald,False,F,1913,1939,ACTRESS IN A SUPPORTING ROLE,26,1,15,1939
Geraldine Page,False,F,1924,1953,ACTRESS IN A SUPPORTING ROLE,29,8,3,1953
Geraldine Page,False,F,1924,1961,ACTRESS,37,8,8,1961
Geraldine Page,False,F,1924,1962,ACTRESS,38,8,14,1962
Geraldine Page,False,F,1924,1966,ACTRESS IN A SUPPORTING ROLE,42,8,26,1966
Geraldine Page,False,F,1924,1972,ACTRESS IN A SUPPORTING ROLE,48,8,39,1972
Geraldine Page,False,F,1924,1978,ACTRESS IN A LEADING ROLE,54,8,47,1978
Geraldine Page,False,F,1924,1984,ACTRESS IN A SUPPORTING ROLE,60,8,57,1984
Geraldine Page,True,F,1924,1985,ACTRESS IN A LEADING ROLE,61,8,57,1985
Giancarlo Giannini,False,M,1942,1976,ACTOR IN A LEADING ROLE,34,1,11,1976
Gig Young,False,M,1913,1951,ACTOR IN A SUPPORTING ROLE,38,3,25,1951
Gig Young,False,M,1913,1958,ACTOR IN A SUPPORTING ROLE,45,3,41,1958
Gig Young,True,M,1913,1969,ACTOR IN A SUPPORTING ROLE,56,3,65,1969
Ginger Rogers,True,F,1911,1940,ACTRESS,29,1,49,1940
Gladys Cooper,False,F,1888,1942,ACTRESS IN A SUPPORTING ROLE,54,3,20,1942
Gladys Cooper,False,F,1888,1943,ACTRESS IN A SUPPORTING ROLE,55,3,28,1943
Gladys Cooper,False,F,1888,1964,ACTRESS IN A SUPPORTING ROLE,76,3,79,1964
Gladys George,False,F,1900,1936,ACTRESS,36,1,4,1936
Glenda Jackson,False,F,1936,1971,ACTRESS,35,4,11,1971
Glenda Jackson,False,F,1936,1975,ACTRESS,39,4,18,1975
Glenda Jackson,True,F,1936,1970,ACTRESS,34,4,3,1970
Glenda Jackson,True,F,1936,1973,ACTRESS,37,4,14,1973
Glenn Close,False,F,1947,1982,ACTRESS IN A SUPPORTING ROLE,35,7,5,1982
Glenn Close,False,F,1947,1983,ACTRESS IN A SUPPORTING ROLE,36,7,9,1983
Glenn Close,False,F,1947,1984,ACTRESS IN A SUPPORTING ROLE,37,7,19,1984
Glenn Close,False,F,1947,1987,ACTRESS IN A LEADING ROLE,40,7,25,1987
Glenn Close,False,F,1947,1988,ACTRESS IN A LEADING ROLE,41,7,30,1988
Glenn Close,False,F,1947,2011,ACTRESS IN A LEADING ROLE,64,7,102,2011
Glenn Close,False,F,1947,2018,ACTRESS IN A LEADING ROLE,71,7,122,2018
Gloria Grahame,False,F,1923,1947,ACTRESS IN A SUPPORTING ROLE,24,2,16,1947
Gloria Grahame,True,F,1923,1952,ACTRESS IN A SUPPORTING ROLE,29,2,26,1952
Gloria Stuart,False,F,1910,1997,ACTRESS IN A SUPPORTING ROLE,87,1,47,1997
Gloria Swanson,False,F,1899,1927,ACTRESS,28,3,16,1927
Gloria Swanson,False,F,1899,1929,ACTRESS,30,3,17,1929
Gloria Swanson,False,F,1899,1950,ACTRESS,51,3,26,1950
Glynis Johns,False,F,1923,1960,ACTRESS IN A SUPPORTING ROLE,37,1,50,1960
Goldie Hawn,False,F,1945,1980,ACTRESS IN A LEADING ROLE,35,2,20,1980
Goldie Hawn,True,F,1945,1969,ACTRESS IN A SUPPORTING ROLE,24,2,2,1969
Grace Kelly,False,F,1929,1953,ACTRESS IN A SUPPORTING ROLE,24,2,9,1953
Grace Kelly,True,F,1929,1954,ACTRESS,25,2,18,1954
Grace Moore,False,F,1898,1934,ACTRESS,36,1,2,1934
Grayson Hall,False,F,1922,1964,ACTRESS IN A SUPPORTING ROLE,42,1,0,1964
Greer Garson,False,F,1904,1939,ACTRESS,35,7,6,1939
Greer Garson,False,F,1904,1941,ACTRESS,37,7,14,1941
Greer Garson,False,F,1904,1943,ACTRESS,39,7,17,1943
Greer Garson,False,F,1904,1944,ACTRESS,40,7,20,1944
Greer Garson,False,F,1904,1945,ACTRESS,41,7,28,1945
Greer Garson,False,F,1904,1960,ACTRESS,56,7,61,1960
Greer Garson,True,F,1904,1942,ACTRESS,38,7,17,1942
Greg Kinnear,False,M,1963,1997,ACTOR IN A SUPPORTING ROLE,34,1,10,1997
Gregory Peck,False,M,1916,1945,ACTOR,29,5,12,1945
Gregory Peck,False,M,1916,1946,ACTOR,30,5,22,1946
Gregory Peck,False,M,1916,1947,ACTOR,31,5,31,1947
Gregory Peck,False,M,1916,1949,ACTOR,33,5,40,1949
Gregory Peck,True,M,1916,1962,ACTOR,46,5,93,1962
Greta Garbo,False,F,1905,1929,ACTRESS,24,3,4,1929
Greta Garbo,False,F,1905,1937,ACTRESS,32,3,21,1937
Greta Garbo,False,F,1905,1939,ACTRESS,34,3,22,1939
Gwyneth Paltrow,True,F,1972,1998,ACTRESS IN A LEADING ROLE,26,1,43,1998
Hailee Steinfeld,False,F,1996,2010,ACTRESS IN A SUPPORTING ROLE,14,1,4,2010
Haing S. Ngor,True,M,1940,1984,ACTOR IN A SUPPORTING ROLE,44,1,3,1984
Hal Holbrook,False,M,1925,2007,ACTOR IN A SUPPORTING ROLE,82,1,78,2007
Haley Joel Osment,False,M,1988,1999,ACTOR IN A SUPPORTING ROLE,11,1,14,1999
Halle Berry,True,F,1966,2001,ACTRESS IN A LEADING ROLE,35,1,28,2001
Harold Russell,True,M,1914,1946,ACTOR IN A SUPPORTING ROLE,32,1,4,1946
Harrison Ford,False,M,1942,1985,ACTOR IN A LEADING ROLE,43,1,33,1985
Harvey Keitel,False,M,1939,1991,ACTOR IN A SUPPORTING ROLE,52,1,57,1991
Hattie McDaniel,True,F,1893,1939,ACTRESS IN A SUPPORTING ROLE,46,1,48,1939
Heath Ledger,False,M,1979,2005,ACTOR IN A LEADING ROLE,26,2,22,2005
Heath Ledger,True,M,1979,2008,ACTOR IN A SUPPORTING ROLE,29,2,30,2008
Helen Hayes,True,F,1900,1931,ACTRESS,31,2,4,1931
Helen Hayes,True,F,1900,1970,ACTRESS IN A SUPPORTING ROLE,70,2,48,1970
Helen Hunt,False,F,1963,2012,ACTRESS IN A SUPPORTING ROLE,49,2,54,2012
Helen Hunt,True,F,1963,1997,ACTRESS IN A LEADING ROLE,34,2,27,1997
Helen Mirren,False,F,1945,1994,ACTRESS IN A SUPPORTING ROLE,49,4,26,1994
Helen Mirren,False,F,1945,2001,ACTRESS IN A SUPPORTING ROLE,56,4,50,2001
Helen Mirren,False,F,1945,2009,ACTRESS IN A LEADING ROLE,64,4,76,2009
Helen Mirren,True,F,1945,2006,ACTRESS IN A LEADING ROLE,61,4,66,2006
Helena Bonham Carter,False,F,1966,1997,ACTRESS IN A LEADING ROLE,31,2,34,1997
Helena Bonham Carter,False,F,1966,2010,ACTRESS IN A SUPPORTING ROLE,44,2,70,2010
Henry Fonda,False,M,1905,1940,ACTOR,35,2,36,1940
Henry Fonda,True,M,1905,1981,ACTOR IN A LEADING ROLE,76,2,162,1981
Henry Travers,False,M,1874,1942,ACTOR IN A SUPPORTING ROLE,68,1,58,1942
Hermione Baddeley,False,F,1906,1959,ACTRESS IN A SUPPORTING ROLE,53,1,14,1959
Hilary Swank,True,F,1974,1999,ACTRESS IN A LEADING ROLE,25,2,4,1999
Hilary Swank,True,F,1974,2004,ACTRESS IN A LEADING ROLE,30,2,24,2004
Holly Hunter,False,F,1958,1987,ACTRESS IN A LEADING ROLE,29,4,13,1987
Holly Hunter,False,F,1958,1993,ACTRESS IN A SUPPORTING ROLE,35,4,30,1993
Holly Hunter,False,F,1958,2003,ACTRESS IN A SUPPORTING ROLE,45,4,51,2003
Holly Hunter,True,F,1958,1993,ACTRESS IN A LEADING ROLE,35,4,30,1993
Hope Emerson,False,F,1897,1950,ACTRESS IN A SUPPORTING ROLE,53,1,18,1950
Hope Lange,False,F,1933,1957,ACTRESS IN A SUPPORTING ROLE,24,1,8,1957
Hugh Griffith,False,M,1912,1963,ACTOR IN A SUPPORTING ROLE,51,2,41,1963
Hugh Griffith,True,M,1912,1959,ACTOR IN A SUPPORTING ROLE,47,2,19,1959
Hugh Jackman,False,M,1968,2012,ACTOR IN A LEADING ROLE,44,1,38,2012
Hume Cronyn,False,M,1911,1944,ACTOR IN A SUPPORTING ROLE,33,1,9,1944
Humphrey Bogart,False,M,1899,1943,ACTOR,44,3,48,1943
Humphrey Bogart,False,M,1899,1954,ACTOR,55,3,79,1954
Humphrey Bogart,True,M,1899,1951,ACTOR,52,3,66,1951
Ian Bannen,False,M,1928,1965,ACTOR IN A SUPPORTING ROLE,37,1,18,1965
Ian Holm,False,M,1931,1981,ACTOR IN A SUPPORTING ROLE,50,1,38,1981
Ian McKellen,False,M,1939,1998,ACTOR IN A LEADING ROLE,59,2,36,1998
Ian McKellen,False,M,1939,2001,ACTOR IN A SUPPORTING ROLE,62,2,43,2001
Imelda Staunton,False,F,1956,2004,ACTRESS IN A LEADING ROLE,48,1,27,2004
Ingrid Bergman,False,F,1915,1943,ACTRESS,28,7,19,1943
Ingrid Bergman,False,F,1915,1945,ACTRESS,30,7,31,1945
Ingrid Bergman,False,F,1915,1948,ACTRESS,33,7,38,1948
Ingrid Bergman,False,F,1915,1978,ACTRESS IN A LEADING ROLE,63,7,72,1978
Ingrid Bergman,True,F,1915,1944,ACTRESS,29,7,23,1944
Ingrid Bergman,True,F,1915,1956,ACTRESS,41,7,45,1956
Ingrid Bergman,True,F,1915,1974,ACTRESS IN A SUPPORTING ROLE,59,7,69,1974
Irene Dunne,False,F,1898,1930,ACTRESS,32,5,0,1930
Irene Dunne,False,F,1898,1936,ACTRESS,38,5,32,1936
Irene Dunne,False,F,1898,1937,ACTRESS,39,5,33,1937
Irene Dunne,False,F,1898,1939,ACTRESS,41,5,38,1939
Irene Dunne,False,F,1898,1948,ACTRESS,50,5,61,1948
Isabelle Adjani,False,F,1955,1975,ACTRESS,20,2,2,1975
Isabelle Adjani,False,F,1955,1989,ACTRESS IN A LEADING ROLE,34,2,13,1989
Isabelle Huppert,False,F,1953,2016,ACTRESS IN A LEADING ROLE,63,1,37,2016
J. Carrol Naish,False,M,1896,1943,ACTOR IN A SUPPORTING ROLE,47,2,73,1943
J. Carrol Naish,False,M,1896,1945,ACTOR IN A SUPPORTING ROLE,49,2,80,1945
J.K. Simmons,True,M,1955,2014,ACTOR IN A SUPPORTING ROLE,59,1,22,2014
Jack Albertson,True,M,1907,1968,ACTOR IN A SUPPORTING ROLE,61,1,41,1968
Jack Gilford,False,M,1908,1973,ACTOR IN A SUPPORTING ROLE,65,1,30,1973
Jack Kruschen,False,M,1922,1960,ACTOR IN A SUPPORTING ROLE,38,1,24,1960
Jack Lemmon,False,M,1925,1959,ACTOR,34,8,20,1959
Jack Lemmon,False,M,1925,1960,ACTOR,35,8,36,1960
Jack Lemmon,False,M,1925,1962,ACTOR,37,8,39,1962
Jack Lemmon,False,M,1925,1979,ACTOR IN A LEADING ROLE,54,8,62,1979
Jack Lemmon,False,M,1925,1980,ACTOR IN A LEADING ROLE,55,8,63,1980
Jack Lemmon,False,M,1925,1982,ACTOR IN A LEADING ROLE,57,8,63,1982
Jack Lemmon,True,M,1925,1955,ACTOR IN A SUPPORTING ROLE,30,8,9,1955
Jack Lemmon,True,M,1925,1973,ACTOR,48,8,52,1973
Jack Nicholson,False,M,1937,1969,ACTOR IN A SUPPORTING ROLE,32,12,18,1969
Jack Nicholson,False,M,1937,1970,ACTOR,33,12,21,1970
Jack Nicholson,False,M,1937,1973,ACTOR,36,12,30,1973
Jack Nicholson,False,M,1937,1974,ACTOR,37,12,35,1974
Jack Nicholson,False,M,1937,1981,ACTOR IN A SUPPORTING ROLE,44,12,61,1981
Jack Nicholson,False,M,1937,1985,ACTOR IN A LEADING ROLE,48,12,72,1985
Jack Nicholson,False,M,1937,1987,ACTOR IN A LEADING ROLE,50,12,82,1987
Jack Nicholson,False,M,1937,1992,ACTOR IN A SUPPORTING ROLE,55,12,92,1992
Jack Nicholson,False,M,1937,2002,ACTOR IN A LEADING ROLE,65,12,115,2002
Jack Nicholson,True,M,1937,1975,ACTOR,38,12,41,1975
Jack Nicholson,True,M,1937,1983,ACTOR IN A SUPPORTING ROLE,46,12,69,1983
Jack Nicholson,True,M,1937,1997,ACTOR IN A LEADING ROLE,60,12,110,1997
Jack Oakie,False,M,1903,1940,ACTOR IN A SUPPORTING ROLE,37,1,49,1940
Jack Palance,False,M,1919,1952,ACTOR IN A SUPPORTING ROLE,33,3,5,1952
Jack Palance,False,M,1919,1953,ACTOR IN A SUPPORTING ROLE,34,3,9,1953
Jack Palance,True,M,1919,1991,ACTOR IN A SUPPORTING ROLE,72,3,66,1991
Jack Warden,False,M,1920,1975,ACTOR IN A SUPPORTING ROLE,55,2,47,1975
Jack Warden,False,M,1920,1978,ACTOR IN A SUPPORTING ROLE,58,2,64,1978
Jack Wild,False,M,1952,1968,ACTOR IN A SUPPORTING ROLE,16,1,3,1968
Jacki Weaver,False,F,1947,2010,ACTRESS IN A SUPPORTING ROLE,63,2,3,2010
Jacki Weaver,False,F,1947,2012,ACTRESS IN A SUPPORTING ROLE,65,2,8,2012
Jackie Cooper,False,M,1922,1930,ACTOR,8,1,0,1930
Jackie Earle Haley,False,M,1961,2006,ACTOR IN A SUPPORTING ROLE,45,1,24,2006
Jackie Gleason,False,M,1916,1961,ACTOR IN A SUPPORTING ROLE,45,1,16,1961
Jake Gyllenhaal,False,M,1980,2005,ACTOR IN A SUPPORTING ROLE,25,1,30,2005
James Caan,False,M,1940,1972,ACTOR IN A SUPPORTING ROLE,32,1,21,1972
James Cagney,False,M,1899,1938,ACTOR,39,3,21,1938
James Cagney,False,M,1899,1955,ACTOR,56,3,56,1955
James Cagney,True,M,1899,1942,ACTOR,43,3,31,1942
James Coburn,True,M,1928,1998,ACTOR IN A SUPPORTING ROLE,70,1,96,1998
James Coco,False,M,1930,1981,ACTOR IN A SUPPORTING ROLE,51,1,37,1981
James Cromwell,False,M,1940,1995,ACTOR IN A SUPPORTING ROLE,55,1,20,1995
James Dean,False,M,1931,1955,ACTOR,24,2,19,1955
James Dean,False,M,1931,1956,ACTOR,25,2,24,1956
James Earl Jones,False,M,1931,1970,ACTOR,39,1,9,1970
James Franco,False,M,1978,2010,ACTOR IN A LEADING ROLE,32,1,51,2010
James Garner,False,M,1928,1985,ACTOR IN A LEADING ROLE,57,1,61,1985
James Gleason,False,M,1882,1941,ACTOR IN A SUPPORTING ROLE,59,1,39,1941
James Mason,False,M,1909,1954,ACTOR,45,3,45,1954
James Mason,False,M,1909,1966,ACTOR IN A SUPPORTING ROLE,57,3,87,1966
James Mason,False,M,1909,1982,ACTOR IN A SUPPORTING ROLE,73,3,138,1982
James Stephenson,False,M,1889,1940,ACTOR IN A SUPPORTING ROLE,51,1,29,1940
James Stewart,False,M,1908,1939,ACTOR,31,5,43,1939
James Stewart,False,M,1908,1946,ACTOR,38,5,70,1946
James Stewart,False,M,1908,1950,ACTOR,42,5,89,1950
James Stewart,False,M,1908,1959,ACTOR,51,5,99,1959
James Stewart,True,M,1908,1940,ACTOR,32,5,57,1940
James Whitmore,False,M,1921,1949,ACTOR IN A SUPPORTING ROLE,28,2,4,1949
James Whitmore,False,M,1921,1975,ACTOR,54,2,65,1975
James Woods,False,M,1947,1986,ACTOR IN A LEADING ROLE,39,2,36,1986
James Woods,False,M,1947,1996,ACTOR IN A SUPPORTING ROLE,49,2,70,1996
Jamie Foxx,False,M,1967,2004,ACTOR IN A SUPPORTING ROLE,37,2,20,2004
Jamie Foxx,True,M,1967,2004,ACTOR IN A LEADING ROLE,37,2,20,2004
Jan Sterling,False,F,1921,1954,ACTRESS IN A SUPPORTING ROLE,33,1,27,1954
Jane Alexander,False,F,1939,1970,ACTRESS,31,4,5,1970
Jane Alexander,False,F,1939,1976,ACTRESS IN A SUPPORTING ROLE,37,4,19,1976
Jane Alexander,False,F,1939,1979,ACTRESS IN A SUPPORTING ROLE,40,4,26,1979
Jane Alexander,False,F,1939,1983,ACTRESS IN A LEADING ROLE,44,4,32,1983
Jane Darwell,True,F,1879,1940,ACTRESS IN A SUPPORTING ROLE,61,1,68,1940
Jane Fonda,False,F,1937,1969,ACTRESS,32,7,33,1969
Jane Fonda,False,F,1937,1977,ACTRESS IN A LEADING ROLE,40,7,45,1977
Jane Fonda,False,F,1937,1979,ACTRESS IN A LEADING ROLE,42,7,55,1979
Jane Fonda,False,F,1937,1981,ACTRESS IN A SUPPORTING ROLE,44,7,61,1981
Jane Fonda,False,F,1937,1986,ACTRESS IN A LEADING ROLE,49,7,64,1986
Jane Fonda,True,F,1937,1971,ACTRESS,34,7,33,1971
Jane Fonda,True,F,1937,1978,ACTRESS IN A LEADING ROLE,41,7,52,1978
Jane Wyman,False,F,1917,1946,ACTRESS,29,4,41,1946
Jane Wyman,False,F,1917,1951,ACTRESS,34,4,60,1951
Jane Wyman,False,F,1917,1954,ACTRESS,37,4,66,1954
Jane Wyman,True,F,1917,1948,ACTRESS,31,4,47,1948
Janet Gaynor,False,F,1906,1937,ACTRESS,31,2,32,1937
Janet Gaynor,True,F,1906,1927,ACTRESS,21,2,6,1927
Janet Leigh,False,F,1927,1960,ACTRESS IN A SUPPORTING ROLE,33,1,63,1960
Janet McTeer,False,F,1961,1999,ACTRESS IN A LEADING ROLE,38,2,10,1999
Janet McTeer,False,F,1961,2011,ACTRESS IN A SUPPORTING ROLE,50,2,22,2011
Janet Suzman,False,F,1939,1971,ACTRESS,32,1,5,1971
Jared Leto,True,M,1971,2013,ACTOR IN A SUPPORTING ROLE,42,1,47,2013
Jason Robards,False,M,1922,1980,ACTOR IN A SUPPORTING ROLE,58,3,64,1980
Jason Robards,True,M,1922,1976,ACTOR IN A SUPPORTING ROLE,54,3,57,1976
Jason Robards,True,M,1922,1977,ACTOR IN A SUPPORTING ROLE,55,3,60,1977
Javier Bardem,False,M,1969,2000,ACTOR IN A LEADING ROLE,31,3,7,2000
Javier Bardem,False,M,1969,2010,ACTOR IN A LEADING ROLE,41,3,29,2010
Javier Bardem,True,M,1969,2007,ACTOR IN A SUPPORTING ROLE,38,3,21,2007
Jaye Davidson,False,M,1968,1992,ACTOR IN A SUPPORTING ROLE,24,1,5,1992
Jean Arthur,False,F,1900,1943,ACTRESS,43,1,45,1943
Jean Dujardin,True,M,1972,2011,ACTOR IN A LEADING ROLE,39,1,6,2011
Jean Hagen,False,F,1923,1952,ACTRESS IN A SUPPORTING ROLE,29,1,12,1952
Jean Simmons,False,F,1929,1948,ACTRESS IN A SUPPORTING ROLE,19,2,16,1948
Jean Simmons,False,F,1929,1969,ACTRESS,40,2,80,1969
Jeanne Crain,False,F,1925,1949,ACTRESS,24,1,30,1949
Jeanne Eagels,False,F,1890,1928,ACTRESS,38,1,2,1928
Jeannie Berlin,False,F,1949,1972,ACTRESS IN A SUPPORTING ROLE,23,1,9,1972
Jeff Bridges,False,M,1949,1971,ACTOR IN A SUPPORTING ROLE,22,7,8,1971
Jeff Bridges,False,M,1949,1974,ACTOR IN A SUPPORTING ROLE,25,7,23,1974
Jeff Bridges,False,M,1949,1984,ACTOR IN A LEADING ROLE,35,7,44,1984
Jeff Bridges,False,M,1949,2000,ACTOR IN A SUPPORTING ROLE,51,7,89,2000
Jeff Bridges,False,M,1949,2010,ACTOR IN A LEADING ROLE,61,7,108,2010
Jeff Bridges,False,M,1949,2016,ACTOR IN A SUPPORTING ROLE,67,7,135,2016
Jeff Bridges,True,M,1949,2009,ACTOR IN A LEADING ROLE,60,7,104,2009
Jeff Chandler,False,M,1918,1950,ACTOR IN A SUPPORTING ROLE,32,1,6,1950
Jennifer Connelly,True,F,1970,2001,ACTRESS IN A SUPPORTING ROLE,31,1,33,2001
Jennifer Hudson,True,F,1981,2006,ACTRESS IN A SUPPORTING ROLE,25,1,3,2006
Jennifer Jason Leigh,False,F,1962,2015,ACTRESS IN A SUPPORTING ROLE,53,1,88,2015
Jennifer Jones,False,F,1919,1944,ACTRESS IN A SUPPORTING ROLE,25,5,12,1944
Jennifer Jones,False,F,1919,1945,ACTRESS,26,5,14,1945
Jennifer Jones,False,F,1919,1946,ACTRESS,27,5,21,1946
Jennifer Jones,False,F,1919,1955,ACTRESS,36,5,41,1955
Jennifer Jones,True,F,1919,1943,ACTRESS,24,5,5,1943
Jennifer Lawrence,False,F,1990,2010,ACTRESS IN A LEADING ROLE,20,4,2,2010
Jennifer Lawrence,False,F,1990,2013,ACTRESS IN A SUPPORTING ROLE,23,4,19,2013
Jennifer Lawrence,False,F,1990,2015,ACTRESS IN A LEADING ROLE,25,4,30,2015
Jennifer Lawrence,True,F,1990,2012,ACTRESS IN A LEADING ROLE,22,4,13,2012
Jennifer Tilly,False,F,1958,1994,ACTRESS IN A SUPPORTING ROLE,36,1,29,1994
Jeremy Irons,True,M,1948,1990,ACTOR IN A LEADING ROLE,42,1,14,1990
Jeremy Renner,False,M,1971,2009,ACTOR IN A LEADING ROLE,38,2,18,2009
Jeremy Renner,False,M,1971,2010,ACTOR IN A SUPPORTING ROLE,39,2,20,2010
Jesse Eisenberg,False,M,1983,2010,ACTOR IN A LEADING ROLE,27,1,25,2010
Jessica Chastain,False,F,1977,2011,ACTRESS IN A SUPPORTING ROLE,34,2,18,2011
Jessica Chastain,False,F,1977,2012,ACTRESS IN A LEADING ROLE,35,2,25,2012
Jessica Lange,False,F,1949,1982,ACTRESS IN A LEADING ROLE,33,6,16,1982
Jessica Lange,False,F,1949,1984,ACTRESS IN A LEADING ROLE,35,6,16,1984
Jessica Lange,False,F,1949,1985,ACTRESS IN A LEADING ROLE,36,6,17,1985
Jessica Lange,False,F,1949,1989,ACTRESS IN A LEADING ROLE,40,6,28,1989
Jessica Lange,True,F,1949,1982,ACTRESS IN A SUPPORTING ROLE,33,6,16,1982
Jessica Lange,True,F,1949,1994,ACTRESS IN A LEADING ROLE,45,6,36,1994
Jessica Tandy,False,F,1909,1991,ACTRESS IN A SUPPORTING ROLE,82,2,60,1991
Jessica Tandy,True,F,1909,1989,ACTRESS IN A LEADING ROLE,80,2,58,1989
Jill Clayburgh,False,F,1944,1978,ACTRESS IN A LEADING ROLE,34,2,13,1978
Jill Clayburgh,False,F,1944,1979,ACTRESS IN A LEADING ROLE,35,2,18,1979
Jim Broadbent,True,M,1949,2001,ACTOR IN A SUPPORTING ROLE,52,1,65,2001
Jo Van Fleet,True,F,1915,1955,ACTRESS IN A SUPPORTING ROLE,40,1,9,1955
Joan Allen,False,F,1956,1995,ACTRESS IN A SUPPORTING ROLE,39,3,25,1995
Joan Allen,False,F,1956,1996,ACTRESS IN A SUPPORTING ROLE,40,3,29,1996
Joan Allen,False,F,1956,2000,ACTRESS IN A LEADING ROLE,44,3,42,2000
Joan Blondell,False,F,1906,1951,ACTRESS IN A SUPPORTING ROLE,45,1,59,1951
Joan Crawford,False,F,1904,1947,ACTRESS,43,3,79,1947
Joan Crawford,False,F,1904,1952,ACTRESS,48,3,87,1952
Joan Crawford,True,F,1904,1945,ACTRESS,41,3,72,1945
Joan Cusack,False,F,1962,1988,ACTRESS IN A SUPPORTING ROLE,26,2,23,1988
Joan Cusack,False,F,1962,1997,ACTRESS IN A SUPPORTING ROLE,35,2,50,1997
Joan Fontaine,False,F,1917,1940,ACTRESS,23,3,27,1940
Joan Fontaine,False,F,1917,1943,ACTRESS,26,3,36,1943
Joan Fontaine,True,F,1917,1941,ACTRESS,24,3,28,1941
Joan Hackett,False,F,1934,1981,ACTRESS IN A SUPPORTING ROLE,47,1,21,1981
Joan Lorring,False,F,1926,1945,ACTRESS IN A SUPPORTING ROLE,19,1,7,1945
Joan Plowright,False,F,1929,1992,ACTRESS IN A SUPPORTING ROLE,63,1,20,1992
Joanne Woodward,False,F,1930,1968,ACTRESS,38,4,35,1968
Joanne Woodward,False,F,1930,1973,ACTRESS,43,4,43,1973
Joanne Woodward,False,F,1930,1990,ACTRESS IN A LEADING ROLE,60,4,50,1990
Joanne Woodward,True,F,1930,1957,ACTRESS,27,4,3,1957
Joaquin Phoenix,False,M,1974,2000,ACTOR IN A SUPPORTING ROLE,26,4,29,2000
Joaquin Phoenix,False,M,1974,2005,ACTOR IN A LEADING ROLE,31,4,45,2005
Joaquin Phoenix,False,M,1974,2012,ACTOR IN A LEADING ROLE,38,4,59,2012
Joaquin Phoenix,True,M,1974,2019,ACTOR IN A LEADING ROLE,45,4,77,2019
Jodie Foster,False,F,1962,1976,ACTRESS IN A SUPPORTING ROLE,14,4,13,1976
Jodie Foster,False,F,1962,1994,ACTRESS IN A LEADING ROLE,32,4,47,1994
Jodie Foster,True,F,1962,1988,ACTRESS IN A LEADING ROLE,26,4,27,1988
Jodie Foster,True,F,1962,1991,ACTRESS IN A LEADING ROLE,29,4,43,1991
Joe Mantell,False,M,1915,1955,ACTOR IN A SUPPORTING ROLE,40,1,3,1955
Joe Pesci,False,M,1943,1980,ACTOR IN A SUPPORTING ROLE,37,3,3,1980
Joe Pesci,False,M,1943,2019,ACTOR IN A SUPPORTING ROLE,76,3,54,2019
Joe Pesci,True,M,1943,1990,ACTOR IN A SUPPORTING ROLE,47,3,27,1990
Joel Grey,True,M,1932,1972,ACTOR IN A SUPPORTING ROLE,40,1,5,1972
John C. Reilly,False,M,1965,2002,ACTOR IN A SUPPORTING ROLE,37,1,76,2002
John Cassavetes,False,M,1929,1967,ACTOR IN A SUPPORTING ROLE,38,1,23,1967
John Dall,False,M,1920,1945,ACTOR IN A SUPPORTING ROLE,25,1,3,1945
John Garfield,False,M,1913,1938,ACTOR IN A SUPPORTING ROLE,25,2,4,1938
John Garfield,False,M,1913,1947,ACTOR,34,2,49,1947
John Gielgud,False,M,1904,1964,ACTOR IN A SUPPORTING ROLE,60,2,19,1964
John Gielgud,True,M,1904,1981,ACTOR IN A SUPPORTING ROLE,77,2,83,1981
John Houseman,True,M,1902,1973,ACTOR IN A SUPPORTING ROLE,71,1,7,1973
John Hurt,False,M,1940,1978,ACTOR IN A SUPPORTING ROLE,38,2,25,1978
John Hurt,False,M,1940,1980,ACTOR IN A LEADING ROLE,40,2,39,1980
John Huston,False,M,1906,1963,ACTOR IN A SUPPORTING ROLE,57,1,59,1963
John Lithgow,False,M,1945,1982,ACTOR IN A SUPPORTING ROLE,37,2,19,1982
John Lithgow,False,M,1945,1983,ACTOR IN A SUPPORTING ROLE,38,2,26,1983
John Malkovich,False,M,1953,1984,ACTOR IN A SUPPORTING ROLE,31,2,8,1984
John Malkovich,False,M,1953,1993,ACTOR IN A SUPPORTING ROLE,40,2,32,1993
John Marley,False,M,1907,1970,ACTOR IN A SUPPORTING ROLE,63,1,16,1970
John Mills,True,M,1908,1970,ACTOR IN A SUPPORTING ROLE,62,1,55,1970
John Travolta,False,M,1954,1977,ACTOR IN A LEADING ROLE,23,2,5,1977
John Travolta,False,M,1954,1994,ACTOR IN A LEADING ROLE,40,2,26,1994
John Wayne,False,M,1907,1949,ACTOR,42,2,57,1949
John Wayne,True,M,1907,1969,ACTOR,62,2,154,1969
Johnny Depp,False,M,1963,2003,ACTOR IN A LEADING ROLE,40,3,60,2003
Johnny Depp,False,M,1963,2004,ACTOR IN A LEADING ROLE,41,3,64,2004
Johnny Depp,False,M,1963,2007,ACTOR IN A LEADING ROLE,44,3,75,2007
Jon Voight,False,M,1938,1969,ACTOR,31,4,8,1969
Jon Voight,False,M,1938,1985,ACTOR IN A LEADING ROLE,47,4,38,1985
Jon Voight,False,M,1938,2001,ACTOR IN A SUPPORTING ROLE,63,4,68,2001
Jon Voight,True,M,1938,1978,ACTOR IN A LEADING ROLE,40,4,29,1978
Jonah Hill,False,M,1983,2011,ACTOR IN A SUPPORTING ROLE,28,2,32,2011
Jonah Hill,False,M,1983,2013,ACTOR IN A SUPPORTING ROLE,30,2,39,2013
Jonathan Pryce,False,M,1947,2019,ACTOR IN A LEADING ROLE,72,1,92,2019
Joseph Schildkraut,True,M,1896,1937,ACTOR IN A SUPPORTING ROLE,41,1,26,1937
Josephine Hull,True,F,1877,1950,ACTRESS IN A SUPPORTING ROLE,73,1,8,1950
Josh Brolin,False,M,1968,2008,ACTOR IN A SUPPORTING ROLE,40,1,55,2008
José Ferrer,False,M,1912,1948,ACTOR IN A SUPPORTING ROLE,36,3,5,1948
José Ferrer,False,M,1912,1952,ACTOR,40,3,18,1952
José Ferrer,True,M,1912,1950,ACTOR,38,3,13,1950
Joyce Redman,False,F,1915,1963,ACTRESS IN A SUPPORTING ROLE,48,2,7,1963
Joyce Redman,False,F,1915,1965,ACTRESS IN A SUPPORTING ROLE,50,2,10,1965
Juanita Moore,False,F,1914,1959,ACTRESS IN A SUPPORTING ROLE,45,1,25,1959
Judd Hirsch,False,M,1935,1980,ACTOR IN A SUPPORTING ROLE,45,1,11,1980
Jude Law,False,M,1972,1999,ACTOR IN A SUPPORTING ROLE,27,2,26,1999
Jude Law,False,M,1972,2003,ACTOR IN A LEADING ROLE,31,2,40,2003
Judi Dench,False,F,1934,1997,ACTRESS IN A LEADING ROLE,63,7,36,1997
Judi Dench,False,F,1934,2000,ACTRESS IN A SUPPORTING ROLE,66,7,50,2000
Judi Dench,False,F,1934,2001,ACTRESS IN A LEADING ROLE,67,7,55,2001
Judi Dench,False,F,1934,2005,ACTRESS IN A LEADING ROLE,71,7,66,2005
Judi Dench,False,F,1934,2006,ACTRESS IN A LEADING ROLE,72,7,67,2006
Judi Dench,False,F,1934,2013,ACTRESS IN A LEADING ROLE,79,7,92,2013
Judi Dench,True,F,1934,1998,ACTRESS IN A SUPPORTING ROLE,64,7,41,1998
Judith Anderson,False,F,1897,1940,ACTRESS IN A SUPPORTING ROLE,43,1,6,1940
Judy Davis,False,F,1955,1984,ACTRESS IN A LEADING ROLE,29,2,5,1984
Judy Davis,False,F,1955,1992,ACTRESS IN A SUPPORTING ROLE,37,2,17,1992
Judy Garland,False,F,1922,1954,ACTRESS,32,2,41,1954
Judy Garland,False,F,1922,1961,ACTRESS IN A SUPPORTING ROLE,39,2,51,1961
Judy Holliday,True,F,1921,1950,ACTRESS,29,1,7,1950
Julia Roberts,False,F,1967,1989,ACTRESS IN A SUPPORTING ROLE,22,4,10,1989
Julia Roberts,False,F,1967,1990,ACTRESS IN A LEADING ROLE,23,4,11,1990
Julia Roberts,False,F,1967,2013,ACTRESS IN A SUPPORTING ROLE,46,4,112,2013
Julia Roberts,True,F,1967,2000,ACTRESS IN A LEADING ROLE,33,4,61,2000
Julianne Moore,False,F,1960,1997,ACTRESS IN A SUPPORTING ROLE,37,5,43,1997
Julianne Moore,False,F,1960,1999,ACTRESS IN A LEADING ROLE,39,5,65,1999
Julianne Moore,False,F,1960,2002,ACTRESS IN A LEADING ROLE,42,5,82,2002
Julianne Moore,False,F,1960,2002,ACTRESS IN A SUPPORTING ROLE,42,5,82,2002
Julianne Moore,True,F,1960,2014,ACTRESS IN A LEADING ROLE,54,5,124,2014
Julie Andrews,False,F,1935,1965,ACTRESS,30,3,13,1965
Julie Andrews,False,F,1935,1982,ACTRESS IN A LEADING ROLE,47,3,36,1982
Julie Andrews,True,F,1935,1964,ACTRESS,29,3,9,1964
Julie Christie,False,F,1940,1971,ACTRESS,31,4,24,1971
Julie Christie,False,F,1940,1997,ACTRESS IN A LEADING ROLE,57,4,58,1997
Julie Christie,False,F,1940,2007,ACTRESS IN A LEADING ROLE,67,4,86,2007
Julie Christie,True,F,1940,1965,ACTRESS,25,4,13,1965
Julie Walters,False,F,1950,1983,ACTRESS IN A LEADING ROLE,33,2,1,1983
Julie Walters,False,F,1950,2000,ACTRESS IN A SUPPORTING ROLE,50,2,12,2000
Juliette Binoche,False,F,1964,2000,ACTRESS IN A LEADING ROLE,36,2,22,2000
Juliette Binoche,True,F,1964,1996,ACTRESS IN A SUPPORTING ROLE,32,2,18,1996
Juliette Lewis,False,F,1973,1991,ACTRESS IN A SUPPORTING ROLE,18,1,12,1991
June Squibb,False,F,1929,2013,ACTRESS IN A SUPPORTING ROLE,84,1,37,2013
Justin Henry,False,M,1971,1979,ACTOR IN A SUPPORTING ROLE,8,1,4,1979
Karen Black,False,F,1939,1970,ACTRESS IN A SUPPORTING ROLE,31,1,10,1970
Karl Malden,False,M,1912,1954,ACTOR IN A SUPPORTING ROLE,42,2,36,1954
Karl Malden,True,M,1912,1951,ACTOR IN A SUPPORTING ROLE,39,2,21,1951
Kate Hudson,False,F,1979,2000,ACTRESS IN A SUPPORTING ROLE,21,1,9,2000
Kate Nelligan,False,F,1950,1991,ACTRESS IN A SUPPORTING ROLE,41,1,23,1991
Kate Winslet,False,F,1975,1995,ACTRESS IN A SUPPORTING ROLE,20,7,6,1995
Kate Winslet,False,F,1975,1997,ACTRESS IN A LEADING ROLE,22,7,22,1997
Kate Winslet,False,F,1975,2001,ACTRESS IN A SUPPORTING ROLE,26,7,27,2001
Kate Winslet,False,F,1975,2004,ACTRESS IN A LEADING ROLE,29,7,34,2004
Kate Winslet,False,F,1975,2006,ACTRESS IN A LEADING ROLE,31,7,45,2006
Kate Winslet,False,F,1975,2015,ACTRESS IN A SUPPORTING ROLE,40,7,75,2015
Kate Winslet,True,F,1975,2008,ACTRESS IN A LEADING ROLE,33,7,50,2008
Katharine Hepburn,False,F,1907,1935,ACTRESS,28,12,14,1935
Katharine Hepburn,False,F,1907,1940,ACTRESS,33,12,29,1940
Katharine Hepburn,False,F,1907,1942,ACTRESS,35,12,31,1942
Katharine Hepburn,False,F,1907,1951,ACTRESS,44,12,60,1951
Katharine Hepburn,False,F,1907,1955,ACTRESS,48,12,61,1955
Katharine Hepburn,False,F,1907,1956,ACTRESS,49,12,62,1956
Katharine Hepburn,False,F,1907,1959,ACTRESS,52,12,66,1959
Katharine Hepburn,False,F,1907,1962,ACTRESS,55,12,70,1962
Katharine Hepburn,True,F,1907,1932,ACTRESS,25,12,2,1932
Katharine Hepburn,True,F,1907,1967,ACTRESS,60,12,74,1967
Katharine Hepburn,True,F,1907,1968,ACTRESS,61,12,77,1968
Katharine Hepburn,True,F,1907,1981,ACTRESS IN A LEADING ROLE,74,12,90,1981
Katharine Ross,False,F,1940,1967,ACTRESS IN A SUPPORTING ROLE,27,1,17,1967
Kathleen Quinlan,False,F,1954,1995,ACTRESS IN A SUPPORTING ROLE,41,1,34,1995
Kathleen Turner,False,F,1954,1986,ACTRESS IN A LEADING ROLE,32,1,19,1986
Kathy Bates,False,F,1948,1998,ACTRESS IN A SUPPORTING ROLE,50,4,68,1998
Kathy Bates,False,F,1948,2002,ACTRESS IN A SUPPORTING ROLE,54,4,78,2002
Kathy Bates,False,F,1948,2019,ACTRESS IN A SUPPORTING ROLE,71,4,136,2019
Kathy Bates,True,F,1948,1990,ACTRESS IN A LEADING ROLE,42,4,24,1990
Katina Paxinou,True,F,1900,1943,ACTRESS IN A SUPPORTING ROLE,43,1,7,1943
Katy Jurado,False,F,1924,1954,ACTRESS IN A SUPPORTING ROLE,30,1,9,1954
Kay Medford,False,F,1919,1968,ACTRESS IN A SUPPORTING ROLE,49,1,26,1968
Keira Knightley,False,F,1985,2005,ACTRESS IN A LEADING ROLE,20,2,27,2005
Keira Knightley,False,F,1985,2014,ACTRESS IN A SUPPORTING ROLE,29,2,51,2014
Keisha Castle-Hughes,False,F,1990,2003,ACTRESS IN A LEADING ROLE,13,1,0,2003
Ken Watanabe,False,M,1959,2003,ACTOR IN A SUPPORTING ROLE,44,1,1,2003
Kenneth Branagh,False,M,1960,1989,ACTOR IN A LEADING ROLE,29,2,8,1989
Kenneth Branagh,False,M,1960,2011,ACTOR IN A SUPPORTING ROLE,51,2,60,2011
Kevin Costner,False,M,1955,1990,ACTOR IN A LEADING ROLE,35,1,27,1990
Kevin Kline,True,M,1947,1988,ACTOR IN A SUPPORTING ROLE,41,1,14,1988
Kevin Spacey,True,M,1959,1995,ACTOR IN A SUPPORTING ROLE,36,2,42,1995
Kevin Spacey,True,M,1959,1999,ACTOR IN A LEADING ROLE,40,2,65,1999
Kim Basinger,True,F,1953,1997,ACTRESS IN A SUPPORTING ROLE,44,1,48,1997
Kim Hunter,True,F,1922,1951,ACTRESS IN A SUPPORTING ROLE,29,1,16,1951
Kim Stanley,False,F,1925,1964,ACTRESS,39,2,6,1964
Kim Stanley,False,F,1925,1982,ACTRESS IN A SUPPORTING ROLE,57,2,14,1982
Kirk Douglas,False,M,1916,1949,ACTOR,33,3,21,1949
Kirk Douglas,False,M,1916,1952,ACTOR,36,3,38,1952
Kirk Douglas,False,M,1916,1956,ACTOR,40,3,52,1956
Klaus Maria Brandauer,False,M,1943,1985,ACTOR IN A SUPPORTING ROLE,42,1,7,1985
Kristin Scott Thomas,False,F,1960,1996,ACTRESS IN A LEADING ROLE,36,1,21,1996
Lady Gaga,False,F,1986,2018,ACTRESS IN A LEADING ROLE,32,1,17,2018
Lana Turner,False,F,1921,1957,ACTRESS,36,1,75,1957
Larry Parks,False,M,1914,1946,ACTOR,32,1,7,1946
Laura Dern,False,F,1967,1991,ACTRESS IN A LEADING ROLE,24,3,27,1991
Laura Dern,False,F,1967,2014,ACTRESS IN A SUPPORTING ROLE,47,3,75,2014
Laura Dern,True,F,1967,2019,ACTRESS IN A SUPPORTING ROLE,52,3,87,2019
Laura Linney,False,F,1964,2000,ACTRESS IN A LEADING ROLE,36,3,27,2000
Laura Linney,False,F,1964,2004,ACTRESS IN A SUPPORTING ROLE,40,3,45,2004
Laura Linney,False,F,1964,2007,ACTRESS IN A LEADING ROLE,43,3,60,2007
Lauren Bacall,False,F,1924,1996,ACTRESS IN A SUPPORTING ROLE,72,1,97,1996
Laurence Fishburne,False,M,1961,1993,ACTOR IN A LEADING ROLE,32,1,31,1993
Laurence Harvey,False,M,1928,1959,ACTOR,31,1,14,1959
Laurence Olivier,False,M,1907,1939,ACTOR,32,9,20,1939
Laurence Olivier,False,M,1907,1940,ACTOR,33,9,29,1940
Laurence Olivier,False,M,1907,1946,ACTOR,39,9,35,1946
Laurence Olivier,False,M,1907,1956,ACTOR,49,9,46,1956
Laurence Olivier,False,M,1907,1960,ACTOR,53,9,58,1960
Laurence Olivier,False,M,1907,1965,ACTOR,58,9,67,1965
Laurence Olivier,False,M,1907,1972,ACTOR,65,9,87,1972
Laurence Olivier,False,M,1907,1976,ACTOR IN A SUPPORTING ROLE,69,9,99,1976
Laurence Olivier,False,M,1907,1978,ACTOR IN A LEADING ROLE,71,9,104,1978
Laurence Olivier,True,M,1907,1948,ACTOR,41,9,38,1948
Laurie Metcalf,False,F,1955,2017,ACTRESS IN A SUPPORTING ROLE,62,1,47,2017
Lee Grant,False,F,1925,1951,ACTRESS IN A SUPPORTING ROLE,26,4,5,1951
Lee Grant,False,F,1925,1970,ACTRESS IN A SUPPORTING ROLE,45,4,28,1970
Lee Grant,False,F,1925,1976,ACTRESS IN A SUPPORTING ROLE,51,4,51,1976
Lee Grant,True,F,1925,1975,ACTRESS IN A SUPPORTING ROLE,50,4,40,1975
Lee J. Cobb,False,M,1911,1954,ACTOR IN A SUPPORTING ROLE,43,2,55,1954
Lee J. Cobb,False,M,1911,1958,ACTOR IN A SUPPORTING ROLE,47,2,72,1958
Lee Marvin,True,M,1924,1965,ACTOR,41,1,52,1965
Lee Remick,False,F,1935,1962,ACTRESS,27,1,24,1962
Lee Strasberg,False,M,1901,1974,ACTOR IN A SUPPORTING ROLE,73,1,13,1974
Lee Tracy,False,M,1898,1964,ACTOR IN A SUPPORTING ROLE,66,1,22,1964
Lena Olin,False,F,1955,1989,ACTRESS IN A SUPPORTING ROLE,34,1,3,1989
Leo Genn,False,M,1905,1951,ACTOR IN A SUPPORTING ROLE,46,1,36,1951
Leonard Frey,False,M,1938,1971,ACTOR IN A SUPPORTING ROLE,33,1,11,1971
Leonardo DiCaprio,False,M,1974,1993,ACTOR IN A SUPPORTING ROLE,19,6,8,1993
Leonardo DiCaprio,False,M,1974,2004,ACTOR IN A LEADING ROLE,30,6,49,2004
Leonardo DiCaprio,False,M,1974,2006,ACTOR IN A LEADING ROLE,32,6,54,2006
Leonardo DiCaprio,False,M,1974,2013,ACTOR IN A LEADING ROLE,39,6,81,2013
Leonardo DiCaprio,False,M,1974,2019,ACTOR IN A LEADING ROLE,45,6,86,2019
Leonardo DiCaprio,True,M,1974,2015,ACTOR IN A LEADING ROLE,41,6,83,2015
Lesley Ann Warren,False,F,1946,1982,ACTRESS IN A SUPPORTING ROLE,36,1,17,1982
Lesley Manville,False,F,1956,2017,ACTRESS IN A SUPPORTING ROLE,61,1,21,2017
Leslie Browne,False,F,1957,1977,ACTRESS IN A SUPPORTING ROLE,20,1,5,1977
Leslie Caron,False,F,1931,1953,ACTRESS,22,2,11,1953
Leslie Caron,False,F,1931,1963,ACTRESS,32,2,23,1963
Leslie Howard,False,M,1893,1938,ACTOR,45,2,5,1938
Lew Ayres,False,M,1908,1948,ACTOR,40,1,45,1948
Lewis Stone,False,M,1879,1928,ACTOR,49,1,15,1928
Liam Neeson,False,M,1952,1993,ACTOR IN A LEADING ROLE,41,1,46,1993
Lila Kedrova,True,F,1918,1964,ACTRESS IN A SUPPORTING ROLE,46,1,8,1964
Lilia Skala,False,F,1896,1963,ACTRESS IN A SUPPORTING ROLE,67,1,2,1963
Lillian Gish,False,F,1893,1946,ACTRESS IN A SUPPORTING ROLE,53,1,24,1946
Lily Tomlin,False,F,1939,1975,ACTRESS IN A SUPPORTING ROLE,36,1,4,1975
Linda Blair,False,F,1959,1973,ACTRESS IN A SUPPORTING ROLE,14,1,6,1973
Linda Hunt,True,F,1945,1983,ACTRESS IN A SUPPORTING ROLE,38,1,5,1983
Lindsay Crouse,False,F,1948,1984,ACTRESS IN A SUPPORTING ROLE,36,1,22,1984
Lionel Barrymore,True,M,1878,1930,ACTOR,52,1,22,1930
Liv Ullmann,False,F,1938,1972,ACTRESS,34,2,10,1972
Liv Ullmann,False,F,1938,1976,ACTRESS IN A LEADING ROLE,38,2,19,1976
Liza Minnelli,False,F,1946,1969,ACTRESS,23,2,5,1969
Liza Minnelli,True,F,1946,1972,ACTRESS,26,2,12,1972
Loretta Young,False,F,1913,1949,ACTRESS,36,2,97,1949
Loretta Young,True,F,1913,1947,ACTRESS,34,2,93,1947
Lorraine Bracco,False,F,1954,1990,ACTRESS IN A SUPPORTING ROLE,36,1,12,1990
Lotte Lenya,False,F,1898,1961,ACTRESS IN A SUPPORTING ROLE,63,1,3,1961
Louis Calhern,False,M,1895,1950,ACTOR,55,1,78,1950
Louise Dresser,False,F,1878,1927,ACTRESS,49,1,9,1927
Louise Fletcher,True,F,1934,1975,ACTRESS,41,1,6,1975
Lucas Hedges,False,M,1996,2016,ACTOR IN A SUPPORTING ROLE,20,1,10,2016
Lucile Watson,False,F,1879,1943,ACTRESS IN A SUPPORTING ROLE,64,1,48,1943
Luise Rainer,True,F,1910,1936,ACTRESS,26,2,5,1936
Luise Rainer,True,F,1910,1937,ACTRESS,27,2,7,1937
Lupita Nyong'o,True,F,1983,2013,ACTRESS IN A SUPPORTING ROLE,30,1,7,2013
Lynn Carlin,False,F,1938,1968,ACTRESS IN A SUPPORTING ROLE,30,1,4,1968
Lynn Fontanne,False,F,1887,1931,ACTRESS,44,1,3,1931
Lynn Redgrave,False,F,1943,1966,ACTRESS,23,2,10,1966
Lynn Redgrave,False,F,1943,1998,ACTRESS IN A SUPPORTING ROLE,55,2,33,1998
Madeline Kahn,False,F,1942,1973,ACTRESS IN A SUPPORTING ROLE,31,2,5,1973
Madeline Kahn,False,F,1942,1974,ACTRESS IN A SUPPORTING ROLE,32,2,9,1974
Maggie Gyllenhaal,False,F,1977,2009,ACTRESS IN A SUPPORTING ROLE,32,1,48,2009
Maggie McNamara,False,F,1928,1953,ACTRESS,25,1,4,1953
Maggie Smith,False,F,1934,1965,ACTRESS IN A SUPPORTING ROLE,31,6,18,1965
Maggie Smith,False,F,1934,1972,ACTRESS,38,6,33,1972
Maggie Smith,False,F,1934,1986,ACTRESS IN A SUPPORTING ROLE,52,6,63,1986
Maggie Smith,False,F,1934,2001,ACTRESS IN A SUPPORTING ROLE,67,6,102,2001
Maggie Smith,True,F,1934,1969,ACTRESS,35,6,32,1969
Maggie Smith,True,F,1934,1978,ACTRESS IN A SUPPORTING ROLE,44,6,50,1978
Mahershala Ali,True,M,1974,2016,ACTOR IN A SUPPORTING ROLE,42,2,20,2016
Mahershala Ali,True,M,1974,2018,ACTOR IN A SUPPORTING ROLE,44,2,24,2018
Marcello Mastroianni,False,M,1924,1962,ACTOR,38,3,13,1962
Marcello Mastroianni,False,M,1924,1977,ACTOR IN A LEADING ROLE,53,3,27,1977
Marcello Mastroianni,False,M,1924,1987,ACTOR IN A LEADING ROLE,63,3,37,1987
Marcia Gay Harden,False,F,1959,2003,ACTRESS IN A SUPPORTING ROLE,44,2,43,2003
Marcia Gay Harden,True,F,1959,2000,ACTRESS IN A SUPPORTING ROLE,41,2,33,2000
Mare Winningham,False,F,1959,1995,ACTRESS IN A SUPPORTING ROLE,36,1,17,1995
Margaret Avery,False,F,1944,1985,ACTRESS IN A SUPPORTING ROLE,41,1,10,1985
Margaret Leighton,False,F,1922,1971,ACTRESS IN A SUPPORTING ROLE,49,1,34,1971
Margaret Rutherford,True,F,1892,1963,ACTRESS IN A SUPPORTING ROLE,71,1,23,1963
Margaret Sullavan,False,F,1909,1938,ACTRESS,29,1,17,1938
Margaret Wycherly,False,F,1881,1941,ACTRESS IN A SUPPORTING ROLE,60,1,5,1941
Margot Robbie,False,F,1990,2017,ACTRESS IN A LEADING ROLE,27,2,20,2017
Margot Robbie,False,F,1990,2019,ACTRESS IN A SUPPORTING ROLE,29,2,30,2019
Maria Ouspenskaya,False,F,1876,1939,ACTRESS IN A SUPPORTING ROLE,63,2,12,1939
Marianne Jean-Baptiste,False,F,1967,1996,ACTRESS IN A SUPPORTING ROLE,29,1,3,1996
Marie Dressler,False,F,1868,1931,ACTRESS,63,2,15,1931
Marie Dressler,True,F,1868,1930,ACTRESS,62,2,15,1930
Marie-Christine Barrault,False,F,1944,1976,ACTRESS IN A LEADING ROLE,32,1,1,1976
Mariel Hemingway,False,F,1961,1979,ACTRESS IN A SUPPORTING ROLE,18,1,5,1979
Marina de Tavira,False,F,1974,2018,ACTRESS IN A SUPPORTING ROLE,44,1,2,2018
Marion Cotillard,False,F,1975,2014,ACTRESS IN A LEADING ROLE,39,2,57,2014
Marion Cotillard,True,F,1975,2007,ACTRESS IN A LEADING ROLE,32,2,7,2007
Marisa Pavan,False,F,1932,1955,ACTRESS IN A SUPPORTING ROLE,23,1,10,1955
Marisa Tomei,False,F,1964,2001,ACTRESS IN A SUPPORTING ROLE,37,3,42,2001
Marisa Tomei,False,F,1964,2008,ACTRESS IN A SUPPORTING ROLE,44,3,65,2008
Marisa Tomei,True,F,1964,1992,ACTRESS IN A SUPPORTING ROLE,28,3,14,1992
Marjorie Main,False,F,1890,1947,ACTRESS IN A SUPPORTING ROLE,57,1,74,1947
Marjorie Rambeau,False,F,1889,1940,ACTRESS IN A SUPPORTING ROLE,51,2,46,1940
Marjorie Rambeau,False,F,1889,1953,ACTRESS IN A SUPPORTING ROLE,64,2,62,1953
Mark Ruffalo,False,M,1967,2010,ACTOR IN A SUPPORTING ROLE,43,3,66,2010
Mark Ruffalo,False,M,1967,2014,ACTOR IN A SUPPORTING ROLE,47,3,83,2014
Mark Ruffalo,False,M,1967,2015,ACTOR IN A SUPPORTING ROLE,48,3,87,2015
Mark Rylance,True,M,1960,2015,ACTOR IN A SUPPORTING ROLE,55,1,16,2015
Mark Wahlberg,False,M,1971,2006,ACTOR IN A SUPPORTING ROLE,35,1,51,2006
Marlee Matlin,True,F,1965,1986,ACTRESS IN A LEADING ROLE,21,1,2,1986
Marlene Dietrich,False,F,1901,1930,ACTRESS,29,1,4,1930
Marlon Brando,False,M,1924,1951,ACTOR,27,8,6,1951
Marlon Brando,False,M,1924,1952,ACTOR,28,8,8,1952
Marlon Brando,False,M,1924,1953,ACTOR,29,8,16,1953
Marlon Brando,False,M,1924,1957,ACTOR,33,8,31,1957
Marlon Brando,False,M,1924,1973,ACTOR,49,8,69,1973
Marlon Brando,False,M,1924,1989,ACTOR IN A SUPPORTING ROLE,65,8,88,1989
Marlon Brando,True,M,1924,1954,ACTOR,30,8,24,1954
Marlon Brando,True,M,1924,1972,ACTOR,48,8,69,1972
Marsha Mason,False,F,1942,1973,ACTRESS,31,4,5,1973
Marsha Mason,False,F,1942,1977,ACTRESS IN A LEADING ROLE,35,4,7,1977
Marsha Mason,False,F,1942,1979,ACTRESS IN A LEADING ROLE,37,4,17,1979
Marsha Mason,False,F,1942,1981,ACTRESS IN A LEADING ROLE,39,4,18,1981
Martha Hyer,False,F,1924,1958,ACTRESS IN A SUPPORTING ROLE,34,1,36,1958
Martha Scott,False,F,1912,1940,ACTRESS,28,1,2,1940
Martin Balsam,True,M,1919,1965,ACTOR IN A SUPPORTING ROLE,46,1,44,1965
Martin Landau,False,M,1928,1988,ACTOR IN A SUPPORTING ROLE,60,3,45,1988
Martin Landau,False,M,1928,1989,ACTOR IN A SUPPORTING ROLE,61,3,51,1989
Martin Landau,True,M,1928,1994,ACTOR IN A SUPPORTING ROLE,66,3,61,1994
Mary Astor,True,F,1906,1941,ACTRESS IN A SUPPORTING ROLE,35,1,70,1941
Mary Badham,False,F,1952,1962,ACTRESS IN A SUPPORTING ROLE,10,1,4,1962
Mary Elizabeth Mastrantonio,False,F,1958,1986,ACTRESS IN A SUPPORTING ROLE,28,1,8,1986
Mary J. Blige,False,F,1971,2017,ACTRESS IN A SUPPORTING ROLE,46,1,13,2017
Mary McDonnell,False,F,1952,1990,ACTRESS IN A SUPPORTING ROLE,38,2,8,1990
Mary McDonnell,False,F,1952,1992,ACTRESS IN A LEADING ROLE,40,2,16,1992
Mary Pickford,True,F,1892,1928,ACTRESS,36,1,15,1928
Mary Steenburgen,True,F,1953,1980,ACTRESS IN A SUPPORTING ROLE,27,1,3,1980
Mary Tyler Moore,False,F,1936,1980,ACTRESS IN A LEADING ROLE,44,1,11,1980
Mary Ure,False,F,1933,1960,ACTRESS IN A SUPPORTING ROLE,27,1,4,1960
Massimo Troisi,False,M,1953,1995,ACTOR IN A LEADING ROLE,42,1,5,1995
Matt Damon,False,M,1970,1997,ACTOR IN A LEADING ROLE,27,3,19,1997
Matt Damon,False,M,1970,2009,ACTOR IN A SUPPORTING ROLE,39,3,92,2009
Matt Damon,False,M,1970,2015,ACTOR IN A LEADING ROLE,45,3,125,2015
Matt Dillon,False,M,1964,2005,ACTOR IN A SUPPORTING ROLE,41,1,64,2005
Matthew McConaughey,True,M,1969,2013,ACTOR IN A LEADING ROLE,44,1,73,2013
Maureen Stapleton,False,F,1925,1958,ACTRESS IN A SUPPORTING ROLE,33,4,2,1958
Maureen Stapleton,False,F,1925,1970,ACTRESS IN A SUPPORTING ROLE,45,4,18,1970
Maureen Stapleton,False,F,1925,1978,ACTRESS IN A SUPPORTING ROLE,53,4,24,1978
Maureen Stapleton,True,F,1925,1981,ACTRESS IN A SUPPORTING ROLE,56,4,30,1981
Maurice Chevalier,False,M,1888,1929,ACTOR,41,1,1,1929
Max von Sydow,False,M,1929,1988,ACTOR IN A LEADING ROLE,59,2,73,1988
Max von Sydow,False,M,1929,2011,ACTOR IN A SUPPORTING ROLE,82,2,109,2011
Maximilian Schell,False,M,1930,1975,ACTOR,45,3,34,1975
Maximilian Schell,False,M,1930,1977,ACTOR IN A SUPPORTING ROLE,47,3,42,1977
Maximilian Schell,True,M,1930,1961,ACTOR,31,3,4,1961
May Robson,False,F,1858,1932,ACTRESS,74,1,18,1932
Meg Tilly,False,F,1960,1985,ACTRESS IN A SUPPORTING ROLE,25,1,12,1985
Melanie Griffith,False,F,1957,1988,ACTRESS IN A LEADING ROLE,31,1,26,1988
Melina Mercouri,False,F,1920,1960,ACTRESS,40,1,3,1960
Melinda Dillon,False,F,1939,1977,ACTRESS IN A SUPPORTING ROLE,38,2,9,1977
Melinda Dillon,False,F,1939,1981,ACTRESS IN A SUPPORTING ROLE,42,2,22,1981
Melissa Leo,False,F,1960,2008,ACTRESS IN A LEADING ROLE,48,2,17,2008
Melissa Leo,True,F,1960,2010,ACTRESS IN A SUPPORTING ROLE,50,2,27,2010
Melissa McCarthy,False,F,1970,2011,ACTRESS IN A SUPPORTING ROLE,41,2,24,2011
Melissa McCarthy,False,F,1970,2018,ACTRESS IN A LEADING ROLE,48,2,39,2018
Melvyn Douglas,False,M,1901,1970,ACTOR,69,3,88,1970
Melvyn Douglas,True,M,1901,1963,ACTOR IN A SUPPORTING ROLE,62,3,77,1963
Melvyn Douglas,True,M,1901,1979,ACTOR IN A SUPPORTING ROLE,78,3,99,1979
Mercedes McCambridge,False,F,1916,1956,ACTRESS IN A SUPPORTING ROLE,40,2,14,1956
Mercedes McCambridge,True,F,1916,1949,ACTRESS IN A SUPPORTING ROLE,33,2,2,1949
Mercedes Ruehl,True,F,1948,1991,ACTRESS IN A SUPPORTING ROLE,43,1,21,1991
Merle Oberon,False,F,1911,1935,ACTRESS,24,1,9,1935
Meryl Streep,False,F,1949,1978,ACTRESS IN A SUPPORTING ROLE,29,21,12,1978
Meryl Streep,False,F,1949,1981,ACTRESS IN A LEADING ROLE,32,21,23,1981
Meryl Streep,False,F,1949,1983,ACTRESS IN A LEADING ROLE,34,21,32,1983
Meryl Streep,False,F,1949,1985,ACTRESS IN A LEADING ROLE,36,21,39,1985
Meryl Streep,False,F,1949,1987,ACTRESS IN A LEADING ROLE,38,21,44,1987
Meryl Streep,False,F,1949,1988,ACTRESS IN A LEADING ROLE,39,21,46,1988
Meryl Streep,False,F,1949,1990,ACTRESS IN A LEADING ROLE,41,21,52,1990
Meryl Streep,False,F,1949,1995,ACTRESS IN A LEADING ROLE,46,21,64,1995
Meryl Streep,False,F,1949,1998,ACTRESS IN A LEADING ROLE,49,21,68,1998
Meryl Streep,False,F,1949,1999,ACTRESS IN A LEADING ROLE,50,21,70,1999
Meryl Streep,False,F,1949,2002,ACTRESS IN A SUPPORTING ROLE,53,21,88,2002
Meryl Streep,False,F,1949,2006,ACTRESS IN A LEADING ROLE,57,21,108,2006
Meryl Streep,False,F,1949,2008,ACTRESS IN A LEADING ROLE,59,21,119,2008
Meryl Streep,False,F,1949,2009,ACTRESS IN A LEADING ROLE,60,21,125,2009
Meryl Streep,False,F,1949,2013,ACTRESS IN A LEADING ROLE,64,21,148,2013
Meryl Streep,False,F,1949,2014,ACTRESS IN A SUPPORTING ROLE,65,21,153,2014
Meryl Streep,False,F,1949,2016,ACTRESS IN A LEADING ROLE,67,21,157,2016
Meryl Streep,False,F,1949,2017,ACTRESS IN A LEADING ROLE,68,21,157,2017
Meryl Streep,True,F,1949,1979,ACTRESS IN A SUPPORTING ROLE,30,21,22,1979
Meryl Streep,True,F,1949,1982,ACTRESS IN A LEADING ROLE,33,21,27,1982
Meryl Streep,True,F,1949,2011,ACTRESS IN A LEADING ROLE,62,21,129,2011
Michael Caine,False,M,1933,1966,ACTOR,33,6,13,1966
Michael Caine,False,M,1933,1972,ACTOR,39,6,43,1972
Michael Caine,False,M,1933,1983,ACTOR IN A LEADING ROLE,50,6,88,1983
Michael Caine,False,M,1933,2002,ACTOR IN A LEADING ROLE,69,6,132,2002
Michael Caine,True,M,1933,1986,ACTOR IN A SUPPORTING ROLE,53,6,98,1986
Michael Caine,True,M,1933,1999,ACTOR IN A SUPPORTING ROLE,66,6,119,1999
Michael Chekhov,False,M,1891,1945,ACTOR IN A SUPPORTING ROLE,54,1,5,1945
Michael Clarke Duncan,False,M,1957,1999,ACTOR IN A SUPPORTING ROLE,42,1,10,1999
Michael Douglas,True,M,1944,1987,ACTOR IN A LEADING ROLE,43,1,29,1987
Michael Fassbender,False,M,1977,2013,ACTOR IN A SUPPORTING ROLE,36,2,30,2013
Michael Fassbender,False,M,1977,2015,ACTOR IN A LEADING ROLE,38,2,39,2015
Michael J. Pollard,False,M,1939,1967,ACTOR IN A SUPPORTING ROLE,28,1,22,1967
Michael Keaton,False,M,1951,2014,ACTOR IN A LEADING ROLE,63,1,68,2014
Michael O'Keefe,False,M,1955,1980,ACTOR IN A SUPPORTING ROLE,25,1,4,1980
Michael Redgrave,False,M,1908,1947,ACTOR,39,1,24,1947
Michael Shannon,False,M,1943,2008,ACTOR IN A SUPPORTING ROLE,65,2,40,2008
Michael Shannon,False,M,1943,2016,ACTOR IN A SUPPORTING ROLE,73,2,69,2016
Michael V. Gazzo,False,M,1923,1974,ACTOR IN A SUPPORTING ROLE,51,1,10,1974
Michelle Pfeiffer,False,F,1958,1988,ACTRESS IN A SUPPORTING ROLE,30,3,32,1988
Michelle Pfeiffer,False,F,1958,1989,ACTRESS IN A LEADING ROLE,31,3,34,1989
Michelle Pfeiffer,False,F,1958,1992,ACTRESS IN A LEADING ROLE,34,3,41,1992
Mickey Rooney,False,M,1920,1939,ACTOR,19,4,54,1939
Mickey Rooney,False,M,1920,1943,ACTOR,23,4,61,1943
Mickey Rooney,False,M,1920,1956,ACTOR IN A SUPPORTING ROLE,36,4,76,1956
Mickey Rooney,False,M,1920,1979,ACTOR IN A SUPPORTING ROLE,59,4,113,1979
Mickey Rourke,False,M,1952,2008,ACTOR IN A LEADING ROLE,56,1,92,2008
Mikhail Baryshnikov,False,M,1948,1977,ACTOR IN A SUPPORTING ROLE,29,1,5,1977
Mildred Dunnock,False,F,1901,1951,ACTRESS IN A SUPPORTING ROLE,50,2,8,1951
Mildred Dunnock,False,F,1901,1956,ACTRESS IN A SUPPORTING ROLE,55,2,21,1956
Mildred Natwick,False,F,1905,1967,ACTRESS IN A SUPPORTING ROLE,62,1,29,1967
Miliza Korjus,False,F,1909,1938,ACTRESS IN A SUPPORTING ROLE,29,1,2,1938
Minnie Driver,False,F,1970,1997,ACTRESS IN A SUPPORTING ROLE,27,1,15,1997
Mira Sorvino,True,F,1967,1995,ACTRESS IN A SUPPORTING ROLE,28,1,14,1995
Miranda Richardson,False,F,1958,1992,ACTRESS IN A SUPPORTING ROLE,34,2,18,1992
Miranda Richardson,False,F,1958,1994,ACTRESS IN A LEADING ROLE,36,2,22,1994
Miriam Hopkins,False,F,1902,1935,ACTRESS,33,1,21,1935
Mischa Auer,False,M,1905,1936,ACTOR IN A SUPPORTING ROLE,31,1,42,1936
Miyoshi Umeki,True,F,1929,1957,ACTRESS IN A SUPPORTING ROLE,28,1,5,1957
Mo'Nique,True,F,1967,2009,ACTRESS IN A SUPPORTING ROLE,42,1,17,2009
Montgomery Clift,False,M,1920,1948,ACTOR,28,4,7,1948
Montgomery Clift,False,M,1920,1951,ACTOR,31,4,14,1951
Montgomery Clift,False,M,1920,1953,ACTOR,33,4,26,1953
Montgomery Clift,False,M,1920,1961,ACTOR IN A SUPPORTING ROLE,41,4,45,1961
Monty Woolley,False,M,1888,1942,ACTOR,54,2,24,1942
Monty Woolley,False,M,1888,1944,ACTOR IN A SUPPORTING ROLE,56,2,29,1944
Morgan Freeman,False,M,1937,1987,ACTOR IN A SUPPORTING ROLE,50,5,20,1987
Morgan Freeman,False,M,1937,1989,ACTOR IN A LEADING ROLE,52,5,29,1989
Morgan Freeman,False,M,1937,1994,ACTOR IN A LEADING ROLE,57,5,43,1994
Morgan Freeman,False,M,1937,2009,ACTOR IN A LEADING ROLE,72,5,112,2009
Morgan Freeman,True,M,1937,2004,ACTOR IN A SUPPORTING ROLE,67,5,78,2004
Nancy Carroll,False,F,1903,1929,ACTRESS,26,1,6,1929
Nancy Kelly,False,F,1921,1956,ACTRESS,35,1,22,1956
Nancy Olson,False,F,1928,1950,ACTRESS IN A SUPPORTING ROLE,22,1,19,1950
Naomi Watts,False,F,1968,2003,ACTRESS IN A LEADING ROLE,35,2,22,2003
Naomi Watts,False,F,1968,2012,ACTRESS IN A LEADING ROLE,44,2,63,2012
Naomie Harris,False,F,1976,2016,ACTRESS IN A SUPPORTING ROLE,40,1,28,2016
Natalie Portman,False,F,1981,2004,ACTRESS IN A SUPPORTING ROLE,23,3,39,2004
Natalie Portman,False,F,1981,2016,ACTRESS IN A LEADING ROLE,35,3,85,2016
Natalie Portman,True,F,1981,2010,ACTRESS IN A LEADING ROLE,29,3,73,2010
Natalie Wood,False,F,1938,1955,ACTRESS IN A SUPPORTING ROLE,17,3,38,1955
Natalie Wood,False,F,1938,1961,ACTRESS,23,3,62,1961
Natalie Wood,False,F,1938,1963,ACTRESS,25,3,66,1963
Ned Beatty,False,M,1937,1976,ACTOR IN A SUPPORTING ROLE,39,1,45,1976
Nick Adams,False,M,1931,1963,ACTOR IN A SUPPORTING ROLE,32,1,0,1963
Nick Nolte,False,M,1941,1991,ACTOR IN A LEADING ROLE,50,3,40,1991
Nick Nolte,False,M,1941,1998,ACTOR IN A LEADING ROLE,57,3,78,1998
Nick Nolte,False,M,1941,2011,ACTOR IN A SUPPORTING ROLE,70,3,119,2011
Nicolas Cage,False,M,1964,2002,ACTOR IN A LEADING ROLE,38,2,79,2002
Nicolas Cage,True,M,1964,1995,ACTOR IN A LEADING ROLE,31,2,51,1995
Nicole Kidman,False,F,1967,2001,ACTRESS IN A LEADING ROLE,34,4,37,2001
Nicole Kidman,False,F,1967,2010,ACTRESS IN A LEADING ROLE,43,4,83,2010
Nicole Kidman,False,F,1967,2016,ACTRESS IN A SUPPORTING ROLE,49,4,102,2016
Nicole Kidman,True,F,1967,2002,ACTRESS IN A LEADING ROLE,35,4,44,2002
Nigel Hawthorne,False,M,1929,1994,ACTOR IN A LEADING ROLE,65,1,25,1994
Nina Foch,False,F,1924,1954,ACTRESS IN A SUPPORTING ROLE,30,1,35,1954
Norma Aleandro,False,F,1936,1987,ACTRESS IN A SUPPORTING ROLE,51,1,2,1987
Norma Shearer,False,F,1902,1929,ACTRESS,27,6,12,1929
Norma Shearer,False,F,1902,1930,ACTRESS,28,6,14,1930
Norma Shearer,False,F,1902,1934,ACTRESS,32,6,36,1934
Norma Shearer,False,F,1902,1936,ACTRESS,34,6,39,1936
Norma Shearer,False,F,1902,1938,ACTRESS,36,6,43,1938
Norma Shearer,True,F,1902,1929,ACTRESS,27,6,12,1929
Octavia Spencer,False,F,1970,2016,ACTRESS IN A SUPPORTING ROLE,46,3,65,2016
Octavia Spencer,False,F,1970,2017,ACTRESS IN A SUPPORTING ROLE,47,3,69,2017
Octavia Spencer,True,F,1970,2011,ACTRESS IN A SUPPORTING ROLE,41,3,47,2011
Olivia Colman,True,F,1974,2018,ACTRESS IN A LEADING ROLE,44,1,20,2018
Olivia de Havilland,False,F,1916,1939,ACTRESS IN A SUPPORTING ROLE,23,5,33,1939
Olivia de Havilland,False,F,1916,1941,ACTRESS,25,5,42,1941
Olivia de Havilland,False,F,1916,1948,ACTRESS,32,5,56,1948
Olivia de Havilland,True,F,1916,1946,ACTRESS,30,5,56,1946
Olivia de Havilland,True,F,1916,1949,ACTRESS,33,5,60,1949
Olympia Dukakis,True,F,1931,1987,ACTRESS IN A SUPPORTING ROLE,56,1,17,1987
Omar Sharif,False,M,1932,1962,ACTOR IN A SUPPORTING ROLE,30,1,8,1962
Oprah Winfrey,False,F,1954,1985,ACTRESS IN A SUPPORTING ROLE,31,1,5,1985
Orson Welles,False,M,1915,1941,ACTOR,26,1,4,1941
Oskar Werner,False,M,1922,1965,ACTOR,43,1,12,1965
Patricia Arquette,True,F,1968,2014,ACTRESS IN A SUPPORTING ROLE,46,1,68,2014
Patricia Clarkson,False,F,1959,2003,ACTRESS IN A SUPPORTING ROLE,44,1,39,2003
Patricia Collinge,False,F,1892,1941,ACTRESS IN A SUPPORTING ROLE,49,1,3,1941
Patricia Neal,False,F,1926,1968,ACTRESS,42,2,41,1968
Patricia Neal,True,F,1926,1963,ACTRESS,37,2,31,1963
Patty Duke,True,F,1946,1962,ACTRESS IN A SUPPORTING ROLE,16,1,5,1962
Patty McCormack,False,F,1945,1956,ACTRESS IN A SUPPORTING ROLE,11,1,3,1956
Paul Giamatti,False,M,1967,2005,ACTOR IN A SUPPORTING ROLE,38,1,51,2005
Paul Lukas,True,M,1895,1943,ACTOR,48,1,55,1943
Paul Muni,False,M,1895,1932,ACTOR,37,6,2,1932
Paul Muni,False,M,1895,1935,ACTOR,40,6,11,1935
Paul Muni,False,M,1895,1937,ACTOR,42,6,15,1937
Paul Muni,False,M,1895,1959,ACTOR,64,6,47,1959
Paul Muni,True,M,1895,1936,ACTOR,41,6,11,1936
Paul Newman,False,M,1925,1958,ACTOR,33,9,30,1958
Paul Newman,False,M,1925,1961,ACTOR,36,9,43,1961
Paul Newman,False,M,1925,1963,ACTOR,38,9,53,1963
Paul Newman,False,M,1925,1967,ACTOR,42,9,74,1967
Paul Newman,False,M,1925,1981,ACTOR IN A LEADING ROLE,56,9,113,1981
Paul Newman,False,M,1925,1982,ACTOR IN A LEADING ROLE,57,9,113,1982
Paul Newman,False,M,1925,1994,ACTOR IN A LEADING ROLE,69,9,141,1994
Paul Newman,False,M,1925,2002,ACTOR IN A SUPPORTING ROLE,77,9,151,2002
Paul Newman,True,M,1925,1986,ACTOR IN A LEADING ROLE,61,9,118,1986
Paul Scofield,False,M,1922,1994,ACTOR IN A SUPPORTING ROLE,72,2,35,1994
Paul Scofield,True,M,1922,1966,ACTOR,44,2,9,1966
Paul Winfield,False,M,1939,1972,ACTOR,33,1,6,1972
Paulette Goddard,False,F,1910,1943,ACTRESS IN A SUPPORTING ROLE,33,1,39,1943
Pauline Collins,False,F,1940,1989,ACTRESS IN A LEADING ROLE,49,1,5,1989
Peggy Ashcroft,True,F,1907,1984,ACTRESS IN A SUPPORTING ROLE,77,1,30,1984
Peggy Cass,False,F,1924,1958,ACTRESS IN A SUPPORTING ROLE,34,1,1,1958
Peggy Lee,False,F,1920,1955,ACTRESS IN A SUPPORTING ROLE,35,1,8,1955
Peggy Wood,False,F,1892,1965,ACTRESS IN A SUPPORTING ROLE,73,1,22,1965
Penelope Milford,False,F,1948,1978,ACTRESS IN A SUPPORTING ROLE,30,1,12,1978
Penélope Cruz,False,F,1974,2006,ACTRESS IN A LEADING ROLE,32,3,37,2006
Penélope Cruz,False,F,1974,2009,ACTRESS IN A SUPPORTING ROLE,35,3,52,2009
Penélope Cruz,True,F,1974,2008,ACTRESS IN A SUPPORTING ROLE,34,3,44,2008
Pete Postlethwaite,False,M,1946,1993,ACTOR IN A SUPPORTING ROLE,47,1,26,1993
Peter Falk,False,M,1927,1960,ACTOR IN A SUPPORTING ROLE,33,2,4,1960
Peter Falk,False,M,1927,1961,ACTOR IN A SUPPORTING ROLE,34,2,10,1961
Peter Finch,False,M,1916,1971,ACTOR,55,2,56,1971
Peter Finch,True,M,1916,1976,ACTOR IN A LEADING ROLE,60,2,67,1976
Peter Firth,False,M,1953,1977,ACTOR IN A SUPPORTING ROLE,24,1,11,1977
Peter Fonda,False,M,1940,1997,ACTOR IN A LEADING ROLE,57,1,39,1997
Peter O'Toole,False,M,1932,1962,ACTOR,30,8,10,1962
Peter O'Toole,False,M,1932,1964,ACTOR,32,8,13,1964
Peter O'Toole,False,M,1932,1968,ACTOR,36,8,32,1968
Peter O'Toole,False,M,1932,1969,ACTOR,37,8,32,1969
Peter O'Toole,False,M,1932,1972,ACTOR,40,8,41,1972
Peter O'Toole,False,M,1932,1980,ACTOR IN A LEADING ROLE,48,8,49,1980
Peter O'Toole,False,M,1932,1982,ACTOR IN A LEADING ROLE,50,8,49,1982
Peter O'Toole,False,M,1932,2006,ACTOR IN A LEADING ROLE,74,8,75,2006
Peter Sellers,False,M,1925,1964,ACTOR,39,2,26,1964
Peter Sellers,False,M,1925,1979,ACTOR IN A LEADING ROLE,54,2,56,1979
Peter Ustinov,False,M,1921,1951,ACTOR IN A SUPPORTING ROLE,30,3,21,1951
Peter Ustinov,True,M,1921,1960,ACTOR IN A SUPPORTING ROLE,39,3,40,1960
Peter Ustinov,True,M,1921,1964,ACTOR IN A SUPPORTING ROLE,43,3,44,1964
Philip Seymour Hoffman,False,M,1967,2007,ACTOR IN A SUPPORTING ROLE,40,4,77,2007
Philip Seymour Hoffman,False,M,1967,2008,ACTOR IN A SUPPORTING ROLE,41,4,82,2008
Philip Seymour Hoffman,False,M,1967,2012,ACTOR IN A SUPPORTING ROLE,45,4,98,2012
Philip Seymour Hoffman,True,M,1967,2005,ACTOR IN A LEADING ROLE,38,4,64,2005
Piper Laurie,False,F,1932,1961,ACTRESS,29,3,20,1961
Piper Laurie,False,F,1932,1976,ACTRESS IN A SUPPORTING ROLE,44,3,23,1976
Piper Laurie,False,F,1932,1986,ACTRESS IN A SUPPORTING ROLE,54,3,27,1986
Queen Latifah,False,F,1970,2002,ACTRESS IN A SUPPORTING ROLE,32,1,27,2002
Quvenzhané Wallis,False,F,2003,2012,ACTRESS IN A LEADING ROLE,9,1,1,2012
Rachel Griffiths,False,F,1968,1998,ACTRESS IN A SUPPORTING ROLE,30,1,10,1998
Rachel McAdams,False,F,1978,2015,ACTRESS IN A SUPPORTING ROLE,37,1,44,2015
Rachel Weisz,False,F,1970,2018,ACTRESS IN A SUPPORTING ROLE,48,2,72,2018
Rachel Weisz,True,F,1970,2005,ACTRESS IN A SUPPORTING ROLE,35,2,27,2005
Ralph Bellamy,False,M,1904,1937,ACTOR IN A SUPPORTING ROLE,33,1,34,1937
Ralph Fiennes,False,M,1962,1993,ACTOR IN A SUPPORTING ROLE,31,2,5,1993
Ralph Fiennes,False,M,1962,1996,ACTOR IN A LEADING ROLE,34,2,18,1996
Ralph Richardson,False,M,1902,1949,ACTOR IN A SUPPORTING ROLE,47,2,23,1949
Ralph Richardson,False,M,1902,1984,ACTOR IN A SUPPORTING ROLE,82,2,79,1984
Rami Malek,True,M,1981,2018,ACTOR IN A LEADING ROLE,37,1,24,2018
Randy Quaid,False,M,1950,1973,ACTOR IN A SUPPORTING ROLE,23,1,14,1973
Ray Milland,True,M,1907,1945,ACTOR,38,1,68,1945
Raymond Massey,False,M,1896,1940,ACTOR,44,1,24,1940
Red Buttons,True,M,1919,1957,ACTOR IN A SUPPORTING ROLE,38,1,14,1957
Reese Witherspoon,False,F,1976,2014,ACTRESS IN A LEADING ROLE,38,2,60,2014
Reese Witherspoon,True,F,1976,2005,ACTRESS IN A LEADING ROLE,29,2,36,2005
Regina King,True,F,1971,2018,ACTRESS IN A SUPPORTING ROLE,47,1,36,2018
Renée Zellweger,False,F,1969,2001,ACTRESS IN A LEADING ROLE,32,4,21,2001
Renée Zellweger,False,F,1969,2002,ACTRESS IN A LEADING ROLE,33,4,26,2002
Renée Zellweger,True,F,1969,2003,ACTRESS IN A SUPPORTING ROLE,34,4,31,2003
Renée Zellweger,True,F,1969,2019,ACTRESS IN A LEADING ROLE,50,4,53,2019
Rex Harrison,False,M,1908,1963,ACTOR,55,2,39,1963
Rex Harrison,True,M,1908,1964,ACTOR,56,2,43,1964
Richard Barthelmess,False,M,1895,1927,ACTOR,32,1,15,1927
Richard Burton,False,M,1925,1952,ACTOR IN A SUPPORTING ROLE,27,7,2,1952
Richard Burton,False,M,1925,1953,ACTOR,28,7,7,1953
Richard Burton,False,M,1925,1964,ACTOR,39,7,50,1964
Richard Burton,False,M,1925,1965,ACTOR,40,7,54,1965
Richard Burton,False,M,1925,1966,ACTOR,41,7,56,1966
Richard Burton,False,M,1925,1969,ACTOR,44,7,65,1969
Richard Burton,False,M,1925,1977,ACTOR IN A LEADING ROLE,52,7,83,1977
Richard Dix,False,M,1893,1930,ACTOR,37,1,10,1930
Richard Dreyfuss,False,M,1947,1995,ACTOR IN A LEADING ROLE,48,2,59,1995
Richard Dreyfuss,True,M,1947,1977,ACTOR IN A LEADING ROLE,30,2,16,1977
Richard E. Grant,False,M,1957,2018,ACTOR IN A SUPPORTING ROLE,61,1,95,2018
Richard Farnsworth,False,M,1920,1978,ACTOR IN A SUPPORTING ROLE,58,2,8,1978
Richard Farnsworth,False,M,1920,1999,ACTOR IN A LEADING ROLE,79,2,42,1999
Richard Harris,False,M,1930,1963,ACTOR,33,2,15,1963
Richard Harris,False,M,1930,1990,ACTOR IN A LEADING ROLE,60,2,68,1990
Richard Jaeckel,False,M,1926,1971,ACTOR IN A SUPPORTING ROLE,45,1,48,1971
Richard Jenkins,False,M,1947,2008,ACTOR IN A LEADING ROLE,61,2,105,2008
Richard Jenkins,False,M,1947,2017,ACTOR IN A SUPPORTING ROLE,70,2,138,2017
Richard Todd,False,M,1919,1949,ACTOR,30,1,1,1949
Richard Widmark,False,M,1914,1947,ACTOR IN A SUPPORTING ROLE,33,1,4,1947
Rinko Kikuchi,False,F,1981,2006,ACTRESS IN A SUPPORTING ROLE,25,1,4,2006
Rip Torn,False,M,1931,1983,ACTOR IN A SUPPORTING ROLE,52,1,46,1983
Rita Moreno,True,F,1931,1961,ACTRESS IN A SUPPORTING ROLE,30,1,32,1961
River Phoenix,False,M,1970,1988,ACTOR IN A SUPPORTING ROLE,18,1,9,1988
Robert De Niro,False,M,1943,1976,ACTOR IN A LEADING ROLE,33,7,33,1976
Robert De Niro,False,M,1943,1978,ACTOR IN A LEADING ROLE,35,7,37,1978
Robert De Niro,False,M,1943,1990,ACTOR IN A LEADING ROLE,47,7,70,1990
Robert De Niro,False,M,1943,1991,ACTOR IN A LEADING ROLE,48,7,79,1991
Robert De Niro,False,M,1943,2012,ACTOR IN A SUPPORTING ROLE,69,7,167,2012
Robert De Niro,True,M,1943,1974,ACTOR IN A SUPPORTING ROLE,31,7,21,1974
Robert De Niro,True,M,1943,1980,ACTOR IN A LEADING ROLE,37,7,39,1980
Robert Donat,False,M,1905,1938,ACTOR,33,2,12,1938
Robert Donat,True,M,1905,1939,ACTOR,34,2,15,1939
Robert Downey Jr.,False,M,1965,1992,ACTOR IN A LEADING ROLE,27,2,30,1992
Robert Downey Jr.,False,M,1965,2008,ACTOR IN A SUPPORTING ROLE,43,2,99,2008
Robert Duvall,False,M,1931,1972,ACTOR IN A SUPPORTING ROLE,41,7,39,1972
Robert Duvall,False,M,1931,1979,ACTOR IN A SUPPORTING ROLE,48,7,74,1979
Robert Duvall,False,M,1931,1980,ACTOR IN A LEADING ROLE,49,7,74,1980
Robert Duvall,False,M,1931,1997,ACTOR IN A LEADING ROLE,66,7,123,1997
Robert Duvall,False,M,1931,1998,ACTOR IN A SUPPORTING ROLE,67,7,133,1998
Robert Duvall,False,M,1931,2014,ACTOR IN A SUPPORTING ROLE,83,7,167,2014
Robert Duvall,True,M,1931,1983,ACTOR IN A LEADING ROLE,52,7,78,1983
Robert Forster,False,M,1941,1997,ACTOR IN A SUPPORTING ROLE,56,1,34,1997
Robert Loggia,False,M,1930,1985,ACTOR IN A SUPPORTING ROLE,55,1,34,1985
Robert Mitchum,False,M,1917,1945,ACTOR IN A SUPPORTING ROLE,28,1,7,1945
Robert Montgomery,False,M,1904,1941,ACTOR,37,2,0,1941
Robert Morley,False,M,1908,1938,ACTOR IN A SUPPORTING ROLE,30,1,5,1938
Robert Redford,False,M,1936,1973,ACTOR,37,1,25,1973
Robert Ryan,False,M,1909,1947,ACTOR IN A SUPPORTING ROLE,38,1,23,1947
Robert Shaw,False,M,1927,1966,ACTOR IN A SUPPORTING ROLE,39,1,1,1966
Robert Stack,False,M,1919,1956,ACTOR IN A SUPPORTING ROLE,37,1,43,1956
Robert Vaughn,False,M,1932,1959,ACTOR IN A SUPPORTING ROLE,27,1,3,1959
Roberto Benigni,True,M,1952,1998,ACTOR IN A LEADING ROLE,46,1,14,1998
Robin Williams,False,M,1951,1987,ACTOR IN A LEADING ROLE,36,4,18,1987
Robin Williams,False,M,1951,1989,ACTOR IN A LEADING ROLE,38,4,23,1989
Robin Williams,False,M,1951,1991,ACTOR IN A LEADING ROLE,40,4,38,1991
Robin Williams,True,M,1951,1997,ACTOR IN A SUPPORTING ROLE,46,4,79,1997
Rock Hudson,False,M,1925,1956,ACTOR,31,1,32,1956
Rod Steiger,False,M,1925,1954,ACTOR IN A SUPPORTING ROLE,29,3,8,1954
Rod Steiger,False,M,1925,1965,ACTOR,40,3,61,1965
Rod Steiger,True,M,1925,1967,ACTOR,42,3,61,1967
Roland Young,False,M,1887,1937,ACTOR IN A SUPPORTING ROLE,50,1,43,1937
Ron Moody,False,M,1924,1968,ACTOR,44,1,9,1968
Ronald Colman,False,M,1891,1929,ACTOR,38,3,11,1929
Ronald Colman,False,M,1891,1942,ACTOR,51,3,32,1942
Ronald Colman,True,M,1891,1947,ACTOR,56,3,41,1947
Ronee Blakley,False,F,1945,1975,ACTRESS IN A SUPPORTING ROLE,30,1,4,1975
Rooney Mara,False,F,1985,2011,ACTRESS IN A LEADING ROLE,26,2,8,2011
Rooney Mara,False,F,1985,2015,ACTRESS IN A SUPPORTING ROLE,30,2,21,2015
Rosalind Russell,False,F,1907,1942,ACTRESS,35,4,46,1942
Rosalind Russell,False,F,1907,1946,ACTRESS,39,4,51,1946
Rosalind Russell,False,F,1907,1947,ACTRESS,40,4,59,1947
Rosalind Russell,False,F,1907,1958,ACTRESS,51,4,70,1958
Rosamund Pike,False,F,1979,2014,ACTRESS IN A LEADING ROLE,35,1,36,2014
Rosemary Harris,False,F,1927,1994,ACTRESS IN A SUPPORTING ROLE,67,1,16,1994
Rosie Perez,False,F,1964,1993,ACTRESS IN A SUPPORTING ROLE,29,1,13,1993
Roy Scheider,False,M,1932,1971,ACTOR IN A SUPPORTING ROLE,39,2,5,1971
Roy Scheider,False,M,1932,1979,ACTOR IN A LEADING ROLE,47,2,22,1979
Ruby Dee,False,F,1922,2007,ACTRESS IN A SUPPORTING ROLE,85,1,44,2007
Rupert Crosse,False,M,1927,1969,ACTOR IN A SUPPORTING ROLE,42,1,9,1969
Russ Tamblyn,False,M,1934,1957,ACTOR IN A SUPPORTING ROLE,23,1,23,1957
Russell Crowe,False,M,1964,1999,ACTOR IN A LEADING ROLE,35,3,20,1999
Russell Crowe,False,M,1964,2001,ACTOR IN A LEADING ROLE,37,3,29,2001
Russell Crowe,True,M,1964,2000,ACTOR IN A LEADING ROLE,36,3,25,2000
Ruth Chatterton,False,F,1892,1928,ACTRESS,36,2,2,1928
Ruth Chatterton,False,F,1892,1929,ACTRESS,37,2,9,1929
Ruth Gordon,False,F,1896,1965,ACTRESS IN A SUPPORTING ROLE,69,2,18,1965
Ruth Gordon,True,F,1896,1968,ACTRESS IN A SUPPORTING ROLE,72,2,22,1968
Ruth Hussey,False,F,1911,1940,ACTRESS IN A SUPPORTING ROLE,29,1,33,1940
Ruth Negga,False,F,1982,2016,ACTRESS IN A LEADING ROLE,34,1,6,2016
Ryan Gosling,False,M,1980,2006,ACTOR IN A LEADING ROLE,26,2,14,2006
Ryan Gosling,False,M,1980,2016,ACTOR IN A LEADING ROLE,36,2,51,2016
Ryan O'Neal,False,M,1941,1970,ACTOR,29,1,2,1970
Sal Mineo,False,M,1939,1955,ACTOR IN A SUPPORTING ROLE,16,2,6,1955
Sal Mineo,False,M,1939,1960,ACTOR IN A SUPPORTING ROLE,21,2,27,1960
Sally Field,False,F,1946,2012,ACTRESS IN A SUPPORTING ROLE,66,3,61,2012
Sally Field,True,F,1946,1979,ACTRESS IN A LEADING ROLE,33,3,9,1979
Sally Field,True,F,1946,1984,ACTRESS IN A LEADING ROLE,38,3,23,1984
Sally Hawkins,False,F,1976,2013,ACTRESS IN A SUPPORTING ROLE,37,2,23,2013
Sally Hawkins,False,F,1976,2017,ACTRESS IN A LEADING ROLE,41,2,35,2017
Sally Kellerman,False,F,1937,1970,ACTRESS IN A SUPPORTING ROLE,33,1,9,1970
Sally Kirkland,False,F,1941,1987,ACTRESS IN A LEADING ROLE,46,1,27,1987
Salma Hayek,False,F,1966,2002,ACTRESS IN A LEADING ROLE,36,1,38,2002
Sam Elliott,False,M,1944,2018,ACTOR IN A SUPPORTING ROLE,74,1,76,2018
Sam Jaffe,False,M,1891,1950,ACTOR IN A SUPPORTING ROLE,59,1,50,1950
Sam Rockwell,False,M,1968,2018,ACTOR IN A SUPPORTING ROLE,50,2,91,2018
Sam Rockwell,True,M,1968,2017,ACTOR IN A SUPPORTING ROLE,49,2,86,2017
Sam Shepard,False,M,1943,1983,ACTOR IN A SUPPORTING ROLE,40,1,13,1983
Sam Waterston,False,M,1940,1984,ACTOR IN A LEADING ROLE,44,1,39,1984
Samantha Eggar,False,F,1939,1965,ACTRESS,26,1,8,1965
Samantha Morton,False,F,1977,1999,ACTRESS IN A SUPPORTING ROLE,22,2,7,1999
Samantha Morton,False,F,1977,2003,ACTRESS IN A LEADING ROLE,26,2,12,2003
Samuel L. Jackson,False,M,1948,1994,ACTOR IN A SUPPORTING ROLE,46,1,52,1994
Sandra Bullock,False,F,1964,2013,ACTRESS IN A LEADING ROLE,49,2,80,2013
Sandra Bullock,True,F,1964,2009,ACTRESS IN A LEADING ROLE,45,2,70,2009
Sandy Dennis,True,F,1937,1966,ACTRESS IN A SUPPORTING ROLE,29,1,11,1966
Saoirse Ronan,False,F,1994,2007,ACTRESS IN A SUPPORTING ROLE,13,4,7,2007
Saoirse Ronan,False,F,1994,2015,ACTRESS IN A LEADING ROLE,21,4,41,2015
Saoirse Ronan,False,F,1994,2017,ACTRESS IN A LEADING ROLE,23,4,46,2017
Saoirse Ronan,False,F,1994,2019,ACTRESS IN A LEADING ROLE,25,4,53,2019
Sara Allgood,False,F,1880,1941,ACTRESS IN A SUPPORTING ROLE,61,1,18,1941
Sarah Miles,False,F,1941,1970,ACTRESS,29,1,14,1970
Scarlett Johansson,False,F,1984,2019,ACTRESS IN A LEADING ROLE,35,2,95,2019
Scarlett Johansson,False,F,1984,2019,ACTRESS IN A SUPPORTING ROLE,35,2,95,2019
Sean Connery,True,M,1930,1987,ACTOR IN A SUPPORTING ROLE,57,1,71,1987
Sean Penn,False,M,1960,1995,ACTOR IN A LEADING ROLE,35,5,38,1995
Sean Penn,False,M,1960,1999,ACTOR IN A LEADING ROLE,39,5,61,1999
Sean Penn,False,M,1960,2001,ACTOR IN A LEADING ROLE,41,5,77,2001
Sean Penn,True,M,1960,2003,ACTOR IN A LEADING ROLE,43,5,85,2003
Sean Penn,True,M,1960,2008,ACTOR IN A LEADING ROLE,48,5,109,2008
Sessue Hayakawa,False,M,1889,1957,ACTOR IN A SUPPORTING ROLE,68,1,13,1957
Seymour Cassel,False,M,1935,1968,ACTOR IN A SUPPORTING ROLE,33,1,9,1968
Sharon Stone,False,F,1958,1995,ACTRESS IN A LEADING ROLE,37,1,33,1995
Shelley Winters,False,F,1920,1951,ACTRESS,31,4,35,1951
Shelley Winters,False,F,1920,1972,ACTRESS IN A SUPPORTING ROLE,52,4,103,1972
Shelley Winters,True,F,1920,1959,ACTRESS IN A SUPPORTING ROLE,39,4,64,1959
Shelley Winters,True,F,1920,1965,ACTRESS IN A SUPPORTING ROLE,45,4,82,1965
Shirley Booth,True,F,1898,1952,ACTRESS,54,1,2,1952
Shirley Jones,True,F,1934,1960,ACTRESS IN A SUPPORTING ROLE,26,1,26,1960
Shirley Knight,False,F,1936,1960,ACTRESS IN A SUPPORTING ROLE,24,2,8,1960
Shirley Knight,False,F,1936,1962,ACTRESS IN A SUPPORTING ROLE,26,2,14,1962
Shirley MacLaine,False,F,1934,1958,ACTRESS,24,5,25,1958
Shirley MacLaine,False,F,1934,1960,ACTRESS,26,5,35,1960
Shirley MacLaine,False,F,1934,1963,ACTRESS,29,5,45,1963
Shirley MacLaine,False,F,1934,1977,ACTRESS IN A LEADING ROLE,43,5,68,1977
Shirley MacLaine,True,F,1934,1983,ACTRESS IN A LEADING ROLE,49,5,79,1983
Shohreh Aghdashloo,False,F,1952,2003,ACTRESS IN A SUPPORTING ROLE,51,1,2,2003
Sidney Poitier,False,M,1927,1958,ACTOR,31,2,18,1958
Sidney Poitier,True,M,1927,1963,ACTOR,36,2,26,1963
Sigourney Weaver,False,F,1949,1986,ACTRESS IN A LEADING ROLE,37,3,17,1986
Sigourney Weaver,False,F,1949,1988,ACTRESS IN A LEADING ROLE,39,3,23,1988
Sigourney Weaver,False,F,1949,1988,ACTRESS IN A SUPPORTING ROLE,39,3,23,1988
Simone Signoret,False,F,1921,1965,ACTRESS,44,2,26,1965
Simone Signoret,True,F,1921,1959,ACTRESS,38,2,6,1959
Sissy Spacek,False,F,1949,1976,ACTRESS IN A LEADING ROLE,27,6,8,1976
Sissy Spacek,False,F,1949,1982,ACTRESS IN A LEADING ROLE,33,6,14,1982
Sissy Spacek,False,F,1949,1984,ACTRESS IN A LEADING ROLE,35,6,18,1984
Sissy Spacek,False,F,1949,1986,ACTRESS IN A LEADING ROLE,37,6,25,1986
Sissy Spacek,False,F,1949,2001,ACTRESS IN A LEADING ROLE,52,6,44,2001
Sissy Spacek,True,F,1949,1980,ACTRESS IN A LEADING ROLE,31,6,12,1980
Sondra Locke,False,F,1944,1968,ACTRESS IN A SUPPORTING ROLE,24,1,2,1968
Sophia Loren,False,F,1934,1964,ACTRESS,30,2,38,1964
Sophia Loren,True,F,1934,1961,ACTRESS,27,2,29,1961
Sophie Okonedo,False,F,1968,2004,ACTRESS IN A SUPPORTING ROLE,36,1,7,2004
Spencer Tracy,False,M,1900,1936,ACTOR,36,9,24,1936
Spencer Tracy,False,M,1900,1950,ACTOR,50,9,65,1950
Spencer Tracy,False,M,1900,1955,ACTOR,55,9,78,1955
Spencer Tracy,False,M,1900,1958,ACTOR,58,9,81,1958
Spencer Tracy,False,M,1900,1960,ACTOR,60,9,84,1960
Spencer Tracy,False,M,1900,1961,ACTOR,61,9,84,1961
Spencer Tracy,False,M,1900,1967,ACTOR,67,9,129,1967
Spencer Tracy,True,M,1900,1937,ACTOR,37,9,30,1937
Spencer Tracy,True,M,1900,1938,ACTOR,38,9,32,1938
Spring Byington,False,F,1886,1938,ACTRESS IN A SUPPORTING ROLE,52,1,45,1938
Stanley Holloway,False,M,1890,1964,ACTOR IN A SUPPORTING ROLE,74,1,40,1964
Stanley Tucci,False,M,1960,2009,ACTOR IN A SUPPORTING ROLE,49,1,99,2009
Stephen Rea,False,M,1946,1992,ACTOR IN A LEADING ROLE,46,1,8,1992
Steve Carell,False,M,1962,2014,ACTOR IN A LEADING ROLE,52,1,52,2014
Steve McQueen,False,M,1930,1966,ACTOR,36,1,23,1966
Stockard Channing,False,F,1944,1993,ACTRESS IN A LEADING ROLE,49,1,41,1993
Stuart Erwin,False,M,1903,1936,ACTOR IN A SUPPORTING ROLE,33,1,64,1936
Stuart Whitman,False,M,1928,1961,ACTOR,33,1,50,1961
Susan Hayward,False,F,1917,1947,ACTRESS,30,5,34,1947
Susan Hayward,False,F,1917,1949,ACTRESS,32,5,40,1949
Susan Hayward,False,F,1917,1952,ACTRESS,35,5,53,1952
Susan Hayward,False,F,1917,1955,ACTRESS,38,5,67,1955
Susan Hayward,True,F,1917,1958,ACTRESS,41,5,72,1958
Susan Kohner,False,F,1936,1959,ACTRESS IN A SUPPORTING ROLE,23,1,9,1959
Susan Peters,False,F,1921,1942,ACTRESS IN A SUPPORTING ROLE,21,1,7,1942
Susan Sarandon,False,F,1946,1981,ACTRESS IN A LEADING ROLE,35,5,23,1981
Susan Sarandon,False,F,1946,1991,ACTRESS IN A LEADING ROLE,45,5,45,1991
Susan Sarandon,False,F,1946,1992,ACTRESS IN A LEADING ROLE,46,5,50,1992
Susan Sarandon,False,F,1946,1994,ACTRESS IN A LEADING ROLE,48,5,54,1994
Susan Sarandon,True,F,1946,1995,ACTRESS IN A LEADING ROLE,49,5,55,1995
Susan Tyrrell,False,F,1945,1972,ACTRESS IN A SUPPORTING ROLE,27,1,10,1972
Susannah York,False,F,1939,1969,ACTRESS IN A SUPPORTING ROLE,30,1,39,1969
Sydney Greenstreet,False,M,1879,1941,ACTOR IN A SUPPORTING ROLE,62,1,9,1941
Sylvester Stallone,False,M,1946,1976,ACTOR IN A LEADING ROLE,30,2,22,1976
Sylvester Stallone,False,M,1946,2015,ACTOR IN A SUPPORTING ROLE,69,2,86,2015
Sylvia Miles,False,F,1924,1969,ACTRESS IN A SUPPORTING ROLE,45,2,9,1969
Sylvia Miles,False,F,1924,1975,ACTRESS IN A SUPPORTING ROLE,51,2,17,1975
Sylvia Sidney,False,F,1910,1973,ACTRESS IN A SUPPORTING ROLE,63,1,45,1973
Talia Shire,False,F,1946,1974,ACTRESS IN A SUPPORTING ROLE,28,2,17,1974
Talia Shire,False,F,1946,1976,ACTRESS IN A LEADING ROLE,30,2,21,1976
Taraji P. Henson,False,F,1970,2008,ACTRESS IN A SUPPORTING ROLE,38,1,16,2008
Tatum O'Neal,True,F,1963,1973,ACTRESS IN A SUPPORTING ROLE,10,1,4,1973
Telly Savalas,False,M,1922,1962,ACTOR IN A SUPPORTING ROLE,40,1,13,1962
Terence Stamp,False,M,1938,1962,ACTOR IN A SUPPORTING ROLE,24,1,5,1962
Teresa Wright,False,F,1918,1941,ACTRESS IN A SUPPORTING ROLE,23,3,3,1941
Teresa Wright,False,F,1918,1942,ACTRESS,24,3,10,1942
Teresa Wright,True,F,1918,1942,ACTRESS IN A SUPPORTING ROLE,24,3,10,1942
Teri Garr,False,F,1947,1982,ACTRESS IN A SUPPORTING ROLE,35,1,47,1982
Terrence Howard,False,M,1969,2005,ACTOR IN A LEADING ROLE,36,1,26,2005
Tess Harper,False,F,1950,1986,ACTRESS IN A SUPPORTING ROLE,36,1,13,1986
Thelma Ritter,False,F,1902,1950,ACTRESS IN A SUPPORTING ROLE,48,6,20,1950
Thelma Ritter,False,F,1902,1951,ACTRESS IN A SUPPORTING ROLE,49,6,27,1951
Thelma Ritter,False,F,1902,1952,ACTRESS IN A SUPPORTING ROLE,50,6,30,1952
Thelma Ritter,False,F,1902,1953,ACTRESS IN A SUPPORTING ROLE,51,6,35,1953
Thelma Ritter,False,F,1902,1959,ACTRESS IN A SUPPORTING ROLE,57,6,51,1959
Thelma Ritter,False,F,1902,1962,ACTRESS IN A SUPPORTING ROLE,60,6,68,1962
Theodore Bikel,False,M,1924,1958,ACTOR IN A SUPPORTING ROLE,34,1,28,1958
Thomas Gomez,False,M,1905,1947,ACTOR IN A SUPPORTING ROLE,42,1,20,1947
Thomas Haden Church,False,M,1960,2004,ACTOR IN A SUPPORTING ROLE,44,1,21,2004
Tilda Swinton,True,F,1960,2007,ACTRESS IN A SUPPORTING ROLE,47,1,30,2007
Tim Robbins,True,M,1958,2003,ACTOR IN A SUPPORTING ROLE,45,1,77,2003
Tim Roth,False,M,1961,1995,ACTOR IN A SUPPORTING ROLE,34,1,24,1995
Timothy Hutton,True,M,1960,1980,ACTOR IN A SUPPORTING ROLE,20,1,4,1980
Timothée Chalamet,False,M,1995,2017,ACTOR IN A LEADING ROLE,22,1,24,2017
Tom Berenger,False,M,1949,1986,ACTOR IN A SUPPORTING ROLE,37,1,24,1986
Tom Conti,False,M,1941,1983,ACTOR IN A LEADING ROLE,42,1,6,1983
Tom Courtenay,False,M,1937,1965,ACTOR IN A SUPPORTING ROLE,28,2,17,1965
Tom Courtenay,False,M,1937,1983,ACTOR IN A LEADING ROLE,46,2,27,1983
Tom Cruise,False,M,1962,1989,ACTOR IN A LEADING ROLE,27,3,24,1989
Tom Cruise,False,M,1962,1996,ACTOR IN A LEADING ROLE,34,3,47,1996
Tom Cruise,False,M,1962,1999,ACTOR IN A SUPPORTING ROLE,37,3,55,1999
Tom Hanks,False,M,1956,1988,ACTOR IN A LEADING ROLE,32,6,11,1988
Tom Hanks,False,M,1956,1998,ACTOR IN A LEADING ROLE,42,6,39,1998
Tom Hanks,False,M,1956,2000,ACTOR IN A LEADING ROLE,44,6,44,2000
Tom Hanks,False,M,1956,2019,ACTOR IN A SUPPORTING ROLE,63,6,93,2019
Tom Hanks,True,M,1956,1993,ACTOR IN A LEADING ROLE,37,6,26,1993
Tom Hanks,True,M,1956,1994,ACTOR IN A LEADING ROLE,38,6,29,1994
Tom Hardy,False,M,1977,2015,ACTOR IN A SUPPORTING ROLE,38,1,35,2015
Tom Hulce,False,M,1953,1984,ACTOR IN A LEADING ROLE,31,1,3,1984
Tom Tully,False,M,1908,1954,ACTOR IN A SUPPORTING ROLE,46,1,61,1954
Tom Wilkinson,False,M,1948,2001,ACTOR IN A LEADING ROLE,53,2,28,2001
Tom Wilkinson,False,M,1948,2007,ACTOR IN A SUPPORTING ROLE,59,2,50,2007
Tommy Lee Jones,False,M,1946,1991,ACTOR IN A SUPPORTING ROLE,45,4,32,1991
Tommy Lee Jones,False,M,1946,2007,ACTOR IN A LEADING ROLE,61,4,81,2007
Tommy Lee Jones,False,M,1946,2012,ACTOR IN A SUPPORTING ROLE,66,4,94,2012
Tommy Lee Jones,True,M,1946,1993,ACTOR IN A SUPPORTING ROLE,47,4,38,1993
Toni Collette,False,F,1972,1999,ACTRESS IN A SUPPORTING ROLE,27,1,9,1999
Tony Curtis,False,M,1925,1958,ACTOR,33,1,38,1958
Trevor Howard,False,M,1913,1960,ACTOR,47,1,38,1960
Tuesday Weld,False,F,1943,1977,ACTRESS IN A SUPPORTING ROLE,34,1,24,1977
Uma Thurman,False,F,1970,1994,ACTRESS IN A SUPPORTING ROLE,24,1,28,1994
Una Merkel,False,F,1903,1961,ACTRESS IN A SUPPORTING ROLE,58,1,78,1961
Valentina Cortese,False,F,1923,1974,ACTRESS IN A SUPPORTING ROLE,51,1,31,1974
Valerie Perrine,False,F,1943,1974,ACTRESS,31,1,7,1974
Van Heflin,True,M,1908,1942,ACTOR IN A SUPPORTING ROLE,34,1,24,1942
Vanessa Redgrave,False,F,1937,1966,ACTRESS,29,6,10,1966
Vanessa Redgrave,False,F,1937,1968,ACTRESS,31,6,21,1968
Vanessa Redgrave,False,F,1937,1971,ACTRESS,34,6,32,1971
Vanessa Redgrave,False,F,1937,1984,ACTRESS IN A LEADING ROLE,47,6,54,1984
Vanessa Redgrave,False,F,1937,1992,ACTRESS IN A SUPPORTING ROLE,55,6,64,1992
Vanessa Redgrave,True,F,1937,1977,ACTRESS IN A SUPPORTING ROLE,40,6,49,1977
Vera Farmiga,False,F,1973,2009,ACTRESS IN A SUPPORTING ROLE,36,1,50,2009
Victor Buono,False,M,1938,1962,ACTOR IN A SUPPORTING ROLE,24,1,2,1962
Victor McLaglen,False,M,1886,1952,ACTOR IN A SUPPORTING ROLE,66,2,67,1952
Victor McLaglen,True,M,1886,1935,ACTOR,49,2,36,1935
Viggo Mortensen,False,M,1958,2007,ACTOR IN A LEADING ROLE,49,3,57,2007
Viggo Mortensen,False,M,1958,2016,ACTOR IN A LEADING ROLE,58,3,66,2016
Viggo Mortensen,False,M,1958,2018,ACTOR IN A LEADING ROLE,60,3,67,2018
Vincent Gardenia,False,M,1920,1973,ACTOR IN A SUPPORTING ROLE,53,2,28,1973
Vincent Gardenia,False,M,1920,1987,ACTOR IN A SUPPORTING ROLE,67,2,50,1987
Viola Davis,False,F,1965,2008,ACTRESS IN A SUPPORTING ROLE,43,3,31,2008
Viola Davis,False,F,1965,2011,ACTRESS IN A LEADING ROLE,46,3,53,2011
Viola Davis,True,F,1965,2016,ACTRESS IN A SUPPORTING ROLE,51,3,75,2016
Virginia Madsen,False,F,1961,2004,ACTRESS IN A SUPPORTING ROLE,43,1,42,2004
Vittorio De Sica,False,M,1901,1957,ACTOR IN A SUPPORTING ROLE,56,1,16,1957
Vivien Leigh,True,F,1913,1939,ACTRESS,26,2,17,1939
Vivien Leigh,True,F,1913,1951,ACTRESS,38,2,30,1951
Vivien Merchant,False,F,1929,1966,ACTRESS IN A SUPPORTING ROLE,37,1,3,1966
Wallace Beery,False,M,1885,1929,ACTOR,44,2,19,1929
Wallace Beery,True,M,1885,1931,ACTOR,46,2,37,1931
Walter Brennan,False,M,1894,1941,ACTOR IN A SUPPORTING ROLE,47,4,66,1941
Walter Brennan,True,M,1894,1936,ACTOR IN A SUPPORTING ROLE,42,4,38,1936
Walter Brennan,True,M,1894,1938,ACTOR IN A SUPPORTING ROLE,44,4,49,1938
Walter Brennan,True,M,1894,1940,ACTOR IN A SUPPORTING ROLE,46,4,60,1940
Walter Huston,False,M,1883,1936,ACTOR,53,4,33,1936
Walter Huston,False,M,1883,1941,ACTOR,58,4,48,1941
Walter Huston,False,M,1883,1942,ACTOR IN A SUPPORTING ROLE,59,4,49,1942
Walter Huston,True,M,1883,1948,ACTOR IN A SUPPORTING ROLE,65,4,74,1948
Walter Matthau,False,M,1920,1971,ACTOR,51,3,51,1971
Walter Matthau,False,M,1920,1975,ACTOR,55,3,65,1975
Walter Matthau,True,M,1920,1966,ACTOR IN A SUPPORTING ROLE,46,3,40,1966
Walter Pidgeon,False,M,1897,1942,ACTOR,45,2,51,1942
Walter Pidgeon,False,M,1897,1943,ACTOR,46,2,51,1943
Warner Baxter,True,M,1889,1928,ACTOR,39,1,14,1928
Warren Beatty,False,M,1937,1967,ACTOR,30,4,18,1967
Warren Beatty,False,M,1937,1978,ACTOR IN A LEADING ROLE,41,4,36,1978
Warren Beatty,False,M,1937,1981,ACTOR IN A LEADING ROLE,44,4,38,1981
Warren Beatty,False,M,1937,1991,ACTOR IN A LEADING ROLE,54,4,52,1991
Wendy Hiller,False,F,1912,1938,ACTRESS,26,3,0,1938
Wendy Hiller,False,F,1912,1966,ACTRESS IN A SUPPORTING ROLE,54,3,27,1966
Wendy Hiller,True,F,1912,1958,ACTRESS IN A SUPPORTING ROLE,46,3,18,1958
Whoopi Goldberg,False,F,1955,1985,ACTRESS IN A LEADING ROLE,30,2,5,1985
Whoopi Goldberg,True,F,1955,1990,ACTRESS IN A SUPPORTING ROLE,35,2,17,1990
Will Smith,False,M,1968,2001,ACTOR IN A LEADING ROLE,33,2,22,2001
Will Smith,False,M,1968,2006,ACTOR IN A LEADING ROLE,38,2,30,2006
Willem Dafoe,False,M,1955,1986,ACTOR IN A SUPPORTING ROLE,31,4,9,1986
Willem Dafoe,False,M,1955,2000,ACTOR IN A SUPPORTING ROLE,45,4,66,2000
Willem Dafoe,False,M,1955,2017,ACTOR IN A SUPPORTING ROLE,62,4,135,2017
Willem Dafoe,False,M,1955,2018,ACTOR IN A LEADING ROLE,63,4,141,2018
William Bendix,False,M,1906,1942,ACTOR IN A SUPPORTING ROLE,36,1,16,1942
William Demarest,False,M,1892,1946,ACTOR IN A SUPPORTING ROLE,54,1,76,1946
William Gargan,False,M,1905,1940,ACTOR IN A SUPPORTING ROLE,35,1,48,1940
William H. Macy,False,M,1950,1996,ACTOR IN A SUPPORTING ROLE,46,1,42,1996
William Holden,False,M,1918,1950,ACTOR,32,3,44,1950
William Holden,False,M,1918,1976,ACTOR IN A LEADING ROLE,58,3,142,1976
William Holden,True,M,1918,1953,ACTOR,35,3,54,1953
William Hurt,False,M,1950,1986,ACTOR IN A LEADING ROLE,36,4,17,1986
William Hurt,False,M,1950,1987,ACTOR IN A LEADING ROLE,37,4,22,1987
William Hurt,False,M,1950,2005,ACTOR IN A SUPPORTING ROLE,55,4,91,2005
William Hurt,True,M,1950,1985,ACTOR IN A LEADING ROLE,35,4,15,1985
William Powell,False,M,1892,1934,ACTOR,42,3,37,1934
William Powell,False,M,1892,1936,ACTOR,44,3,50,1936
William Powell,False,M,1892,1947,ACTOR,55,3,78,1947
Winona Ryder,False,F,1971,1993,ACTRESS IN A SUPPORTING ROLE,22,2,33,1993
Winona Ryder,False,F,1971,1994,ACTRESS IN A LEADING ROLE,23,2,36,1994
Woody Allen,False,M,1935,1977,ACTOR IN A LEADING ROLE,42,1,14,1977
Woody Harrelson,False,M,1961,1996,ACTOR IN A LEADING ROLE,35,3,26,1996
Woody Harrelson,False,M,1961,2009,ACTOR IN A SUPPORTING ROLE,48,3,90,2009
Woody Harrelson,False,M,1961,2017,ACTOR IN A SUPPORTING ROLE,56,3,114,2017
Yalitza Aparicio,False,F,1993,2018,ACTRESS IN A LEADING ROLE,25,1,2,2018
Yul Brynner,True,M,1920,1956,ACTOR,36,1,14,1956
